Participant ID;Test ID;Detection_range_in_Meters;FOD;Scenario;Whitecane_pos_X;Whitecane_pos_Y;Whitecane_orientation;Object_detected;Distance_to_object;Person_pos_X;Person_pos_Y;Person_orientation;Person_Speed;Object_collision;Object_pos_X;Object_pos_Y;Time_stamp;Timer;Time_in_MS;Day_nr.
1;67;4;WholeRoom;16;0;0;0;;0.000;0;0;0;0;;0;0;5/7/2020 11:59:24 AM;00:00:00.0044347;0;1
1;67;4;WholeRoom;16;-8.249735;-7.030314;157.0929;null;0.000;-8.558711;-7.174973;222.8833;0.02569764;;0;0;5/7/2020 11:59:24 AM;00:00:00.0143174;1.22573E-05;1
1;67;4;WholeRoom;16;-8.251957;-7.032058;156.7774;null;0.000;-8.558998;-7.174974;222.8213;0.02341931;;0;0;5/7/2020 11:59:24 AM;00:00:00.0210646;2.78683E-05;1
1;67;4;WholeRoom;16;-8.251434;-7.031829;156.4875;null;0.000;-8.559303;-7.175121;222.7604;0.02169474;;0;0;5/7/2020 11:59:24 AM;00:00:00.0280132;3.45895E-05;1
1;67;4;WholeRoom;16;-8.250229;-7.031164;156.0522;null;0.000;-8.559637;-7.175171;222.6939;0.05021726;;0;0;5/7/2020 11:59:24 AM;00:00:00.0392228;4.15519E-05;1
1;67;4;WholeRoom;16;-8.252306;-7.032465;155.7421;null;0.000;-8.559959;-7.175231;222.6186;0.04708239;;0;0;5/7/2020 11:59:24 AM;00:00:00.0503824;5.27471E-05;1
1;67;4;WholeRoom;16;-8.252504;-7.032748;155.4883;null;0.000;-8.56039;-7.175213;222.5212;0.03844948;;0;0;5/7/2020 11:59:24 AM;00:00:00.0617377;6.39101E-05;1
1;67;4;WholeRoom;16;-8.251022;-7.031815;155.3418;null;0.000;-8.560705;-7.175257;222.4464;0.02854382;;0;0;5/7/2020 11:59:24 AM;00:00:00.0727916;7.52368E-05;1
1;67;4;WholeRoom;16;-8.253357;-7.03295;155.2998;null;0.000;-8.560954;-7.175305;222.3939;0.02238299;;0;0;5/7/2020 11:59:24 AM;00:00:00.0839510;8.62547E-05;1
1;67;4;WholeRoom;16;-8.252527;-7.032511;155.2624;null;0.000;-8.561207;-7.175183;222.3011;0.02547316;;0;0;5/7/2020 11:59:24 AM;00:00:00.0952644;9.74951E-05;1
1;67;4;WholeRoom;16;-8.250698;-7.031018;155.3599;null;0.000;-8.561325;-7.175266;222.2546;0.01285175;;0;0;5/7/2020 11:59:24 AM;00:00:00.1065753;0.000108791;1
1;67;4;WholeRoom;16;-8.252268;-7.030914;155.4874;null;0.000;-8.561461;-7.175257;222.1969;0.01209962;;0;0;5/7/2020 11:59:24 AM;00:00:00.1177207;0.000120059;1
1;67;4;WholeRoom;16;-8.250704;-7.02996;155.5269;null;0.000;-8.561756;-7.175408;222.1143;0.02941158;;0;0;5/7/2020 11:59:24 AM;00:00:00.1330822;0.0001312456;1
1;67;4;WholeRoom;16;-8.248816;-7.028493;155.5673;null;0.000;-8.56184;-7.175343;222.0685;0.009533312;;0;0;5/7/2020 11:59:24 AM;00:00:00.1421193;0.0001466123;1
1;67;4;WholeRoom;16;-8.250371;-7.029644;155.5466;null;0.000;-8.561878;-7.175251;222.0537;0.006454355;;0;0;5/7/2020 11:59:24 AM;00:00:00.1511409;0.0001556806;1
1;67;4;WholeRoom;16;-8.249923;-7.029533;155.4362;null;0.000;-8.561893;-7.175259;222.0364;0.001905358;;0;0;5/7/2020 11:59:24 AM;00:00:00.1623220;0.0001646699;1
1;67;4;WholeRoom;16;-8.248074;-7.028273;155.2384;null;0.000;-8.561923;-7.175154;222.0341;0.01212446;;0;0;5/7/2020 11:59:24 AM;00:00:00.1734800;0.0001758685;1
1;67;4;WholeRoom;16;-8.249508;-7.029102;154.9654;null;0.000;-8.561893;-7.174967;222.0587;0.01694093;;0;0;5/7/2020 11:59:24 AM;00:00:00.1845864;0.000187017;1
1;67;4;WholeRoom;16;-8.249662;-7.029328;154.71;null;0.000;-8.562157;-7.174804;222.0684;0.02777403;;0;0;5/7/2020 11:59:24 AM;00:00:00.1957873;0.0001981185;1
1;67;4;WholeRoom;16;-8.247721;-7.028115;154.3998;null;0.000;-8.56218;-7.174804;222.1162;0.00206172;;0;0;5/7/2020 11:59:24 AM;00:00:00.2070853;0.000209298;1
1;67;4;WholeRoom;16;-8.249174;-7.028475;154.1384;null;0.000;-8.562219;-7.174722;222.1675;0.008088868;;0;0;5/7/2020 11:59:24 AM;00:00:00.2181720;0.0002206092;1
1;67;4;WholeRoom;16;-8.248584;-7.028403;153.9288;null;0.000;-8.562271;-7.174655;222.2136;0.00753889;;0;0;5/7/2020 11:59:24 AM;00:00:00.2294288;0.000231703;1
1;67;4;WholeRoom;16;-8.246569;-7.027121;153.7779;null;0.000;-8.562244;-7.174664;222.2663;0.002555912;;0;0;5/7/2020 11:59:24 AM;00:00:00.2405135;0.0002428799;1
1;67;4;WholeRoom;16;-8.247474;-7.028456;153.6643;null;0.000;-8.562298;-7.174618;222.3187;0.006321144;;0;0;5/7/2020 11:59:24 AM;00:00:00.2516617;0.0002540459;1
1;67;4;WholeRoom;16;-8.247766;-7.028677;153.54;null;0.000;-8.562524;-7.174516;222.3816;0.02220924;;0;0;5/7/2020 11:59:24 AM;00:00:00.2627825;0.0002651792;1
1;67;4;WholeRoom;16;-8.245718;-7.027292;153.468;null;0.000;-8.562583;-7.174501;222.4348;0.005474347;;0;0;5/7/2020 11:59:24 AM;00:00:00.2742249;0.0002763229;1
1;67;4;WholeRoom;16;-8.245316;-7.027302;153.3929;null;0.000;-8.562652;-7.174506;222.478;0.006176577;;0;0;5/7/2020 11:59:24 AM;00:00:00.2851077;0.0002877617;1
1;67;4;WholeRoom;16;-8.244506;-7.026986;153.3212;null;0.000;-8.562937;-7.174562;222.5231;0.02539286;;0;0;5/7/2020 11:59:24 AM;00:00:00.2963104;0.00029866;1
1;67;4;WholeRoom;16;-8.242447;-7.025703;153.2353;null;0.000;-8.56303;-7.174565;222.5558;0.008581124;;0;0;5/7/2020 11:59:24 AM;00:00:00.3075196;0.0003098607;1
1;67;4;WholeRoom;16;-8.241772;-7.025146;153.1196;null;0.000;-8.563242;-7.17438;222.5863;0.02510237;;0;0;5/7/2020 11:59:24 AM;00:00:00.3186368;0.000321037;1
1;67;4;WholeRoom;16;-8.241111;-7.024981;152.9707;null;0.000;-8.563151;-7.174351;222.6156;0.008500947;;0;0;5/7/2020 11:59:24 AM;00:00:00.3299084;0.0003321965;1
1;67;4;WholeRoom;16;-8.239268;-7.023801;152.7852;null;0.000;-8.563272;-7.174333;222.6375;0.01098042;;0;0;5/7/2020 11:59:24 AM;00:00:00.3408292;0.000343453;1
1;67;4;WholeRoom;16;-8.238833;-7.023849;152.5813;null;0.000;-8.563388;-7.174338;222.6529;0.01026196;;0;0;5/7/2020 11:59:24 AM;00:00:00.3519019;0.0003543791;1
1;67;4;WholeRoom;16;-8.238522;-7.02366;152.3548;null;0.000;-8.563239;-7.174425;222.6404;0.01576366;;0;0;5/7/2020 11:59:24 AM;00:00:00.3630980;0.0003654573;1
1;67;4;WholeRoom;16;-8.236956;-7.022407;152.1498;null;0.000;-8.56336;-7.174476;222.6475;0.01186336;;0;0;5/7/2020 11:59:24 AM;00:00:00.3745678;0.0003766556;1
1;67;4;WholeRoom;16;-8.237646;-7.022613;151.9058;null;0.000;-8.56349;-7.174564;222.6039;0.01400715;;0;0;5/7/2020 11:59:24 AM;00:00:00.3860311;0.0003880965;1
1;67;4;WholeRoom;16;-8.236442;-7.021095;151.6806;null;0.000;-8.563622;-7.174729;222.6209;0.01844668;;0;0;5/7/2020 11:59:25 AM;00:00:00.3973759;0.0003995793;1
1;67;4;WholeRoom;16;-8.235332;-7.019437;151.4922;null;0.000;-8.563783;-7.174851;222.633;0.01763241;;0;0;5/7/2020 11:59:25 AM;00:00:00.4087637;0.0004109194;1
1;67;4;WholeRoom;16;-8.236702;-7.017717;151.3688;null;0.000;-8.563875;-7.175017;222.6068;0.01671643;;0;0;5/7/2020 11:59:25 AM;00:00:00.4201222;0.0004223116;1
1;67;4;WholeRoom;16;-8.237663;-7.016961;151.3054;null;0.000;-8.564095;-7.175256;222.6368;0.02849942;;0;0;5/7/2020 11:59:25 AM;00:00:00.4316298;0.0004336489;1
1;67;4;WholeRoom;16;-8.236742;-7.014818;151.2969;null;0.000;-8.564165;-7.175361;222.684;0.01111707;;0;0;5/7/2020 11:59:25 AM;00:00:00.4427442;0.0004451816;1
1;67;4;WholeRoom;16;-8.238185;-7.015057;151.2781;null;0.000;-8.564274;-7.175272;222.6891;0.01219218;;0;0;5/7/2020 11:59:25 AM;00:00:00.4538966;0.0004562913;1
1;67;4;WholeRoom;16;-8.237137;-7.012823;151.3455;null;0.000;-8.564402;-7.175447;222.7505;0.01957437;;0;0;5/7/2020 11:59:25 AM;00:00:00.4650462;0.0004674183;1
1;67;4;WholeRoom;16;-8.236118;-7.010653;151.421;null;0.000;-8.564468;-7.175526;222.792;0.009273143;;0;0;5/7/2020 11:59:25 AM;00:00:00.4763513;0.000478544;1
1;67;4;WholeRoom;16;-8.238798;-7.011264;151.4282;null;0.000;-8.564551;-7.175621;222.8118;0.01132948;;0;0;5/7/2020 11:59:25 AM;00:00:00.4874008;0.0004899036;1
1;67;4;WholeRoom;16;-8.237854;-7.009285;151.4419;null;0.000;-8.564699;-7.175805;222.8636;0.0207816;;0;0;5/7/2020 11:59:25 AM;00:00:00.4987834;0.0005009717;1
1;67;4;WholeRoom;16;-8.236868;-7.007429;151.4124;null;0.000;-8.564814;-7.175826;222.9086;0.01051204;;0;0;5/7/2020 11:59:25 AM;00:00:00.5101191;0.0005123199;1
1;67;4;WholeRoom;16;-8.238966;-7.007325;151.351;null;0.000;-8.56488;-7.175996;222.9204;0.01611292;;0;0;5/7/2020 11:59:25 AM;00:00:00.5212589;0.0005236557;1
1;67;4;WholeRoom;16;-8.240067;-7.007054;151.2904;null;0.000;-8.564989;-7.176118;222.9492;0.0143889;;0;0;5/7/2020 11:59:25 AM;00:00:00.5327319;0.0005348031;1
1;67;4;WholeRoom;16;-8.238702;-7.005417;151.2335;null;0.000;-8.565072;-7.176143;222.9667;0.007768225;;0;0;5/7/2020 11:59:25 AM;00:00:00.5438860;0.0005462078;1
1;67;4;WholeRoom;16;-8.24152;-7.008808;151.2052;null;0.000;-8.565161;-7.176231;222.9505;0.01099811;;0;0;5/7/2020 11:59:25 AM;00:00:00.5553164;0.0005574278;1
1;67;4;WholeRoom;16;-8.239815;-7.007214;151.1643;null;0.000;-8.56509;-7.176306;222.9683;0.009169615;;0;0;5/7/2020 11:59:25 AM;00:00:00.5666920;0.0005688653;1
1;67;4;WholeRoom;16;-8.237896;-7.005781;151.1434;null;0.000;-8.565146;-7.176372;222.9444;0.007538178;;0;0;5/7/2020 11:59:25 AM;00:00:00.5781473;0.0005801911;1
1;67;4;WholeRoom;16;-8.240088;-7.006938;151.1576;null;0.000;-8.565399;-7.176328;222.9098;0.02264767;;0;0;5/7/2020 11:59:25 AM;00:00:00.5895313;0.0005916885;1
1;67;4;WholeRoom;16;-8.238012;-7.005424;151.1702;null;0.000;-8.565228;-7.176322;222.9131;0.01493742;;0;0;5/7/2020 11:59:25 AM;00:00:00.6005897;0.0006029666;1
1;67;4;WholeRoom;16;-8.235809;-7.004216;151.1988;null;0.000;-8.565277;-7.176257;222.9013;0.00730599;;0;0;5/7/2020 11:59:25 AM;00:00:00.6119665;0.000614095;1
1;67;4;WholeRoom;16;-8.240407;-7.008906;151.1789;null;0.000;-8.565746;-7.176116;222.8895;0.04402942;;0;0;5/7/2020 11:59:25 AM;00:00:00.6236324;0.0006254967;1
1;67;4;WholeRoom;16;-8.238484;-7.008015;151.1144;null;0.000;-8.565854;-7.176174;222.8649;0.0107409;;0;0;5/7/2020 11:59:25 AM;00:00:00.6346151;0.0006371085;1
1;67;4;WholeRoom;16;-8.236839;-7.007638;150.89;null;0.000;-8.565978;-7.176224;222.8215;0.01153009;;0;0;5/7/2020 11:59:25 AM;00:00:00.6458096;0.0006481103;1
1;67;4;WholeRoom;16;-8.247826;-7.013255;150.6514;null;0.000;-8.566451;-7.176601;222.7336;0.05498965;;0;0;5/7/2020 11:59:25 AM;00:00:00.6568927;0.0006593172;1
1;67;4;WholeRoom;16;-8.246837;-7.013156;150.2733;null;0.000;-8.566652;-7.176886;222.6318;0.03107209;;0;0;5/7/2020 11:59:25 AM;00:00:00.6678680;0.0006703758;1
1;67;4;WholeRoom;16;-8.246382;-7.013389;149.8025;null;0.000;-8.567096;-7.177324;222.4829;0.05637719;;0;0;5/7/2020 11:59:25 AM;00:00:00.6792411;0.0006813882;1
1;67;4;WholeRoom;16;-8.25297;-7.019487;149.5071;null;0.000;-8.567994;-7.177605;222.4198;0.08548389;;0;0;5/7/2020 11:59:25 AM;00:00:00.6903258;0.0006927716;1
1;67;4;WholeRoom;16;-8.252865;-7.019568;149.2406;null;0.000;-8.568773;-7.178244;222.3937;0.08849231;;0;0;5/7/2020 11:59:25 AM;00:00:00.7015979;0.0007038223;1
1;67;4;WholeRoom;16;-8.253429;-7.019295;149.0302;null;0.000;-8.569462;-7.178788;222.3693;0.07943928;;0;0;5/7/2020 11:59:25 AM;00:00:00.7128356;0.0007151223;1
1;67;4;WholeRoom;16;-8.25169;-7.018874;148.8539;null;0.000;-8.570301;-7.178615;222.3602;0.07583164;;0;0;5/7/2020 11:59:25 AM;00:00:00.7242727;0.0007263458;1
1;67;4;WholeRoom;16;-8.252357;-7.018017;148.8316;null;0.000;-8.570799;-7.178901;222.4806;0.05113716;;0;0;5/7/2020 11:59:25 AM;00:00:00.7351925;0.0007377469;1
1;67;4;WholeRoom;16;-8.252882;-7.016766;149.096;null;0.000;-8.571074;-7.178995;222.639;0.02547408;;0;0;5/7/2020 11:59:25 AM;00:00:00.7464509;0.0007486827;1
1;67;4;WholeRoom;16;-8.253334;-7.015135;149.6083;null;0.000;-8.571478;-7.178839;222.7568;0.03964517;;0;0;5/7/2020 11:59:25 AM;00:00:00.7575935;0.0007599843;1
1;67;4;WholeRoom;16;-8.253512;-7.013235;150.2792;null;0.000;-8.572098;-7.179064;222.9046;0.05835299;;0;0;5/7/2020 11:59:25 AM;00:00:00.7686543;0.0007710994;1
1;67;4;WholeRoom;16;-8.253616;-7.011224;150.9771;null;0.000;-8.572386;-7.179165;222.9882;0.02747556;;0;0;5/7/2020 11:59:25 AM;00:00:00.7799536;0.0007821873;1
1;67;4;WholeRoom;16;-8.253744;-7.009207;151.5582;null;0.000;-8.572613;-7.179498;222.9806;0.03629762;;0;0;5/7/2020 11:59:25 AM;00:00:00.7908345;0.0007934634;1
1;67;4;WholeRoom;16;-8.253828;-7.007401;152.0906;null;0.000;-8.572625;-7.179629;222.9623;0.011723;;0;0;5/7/2020 11:59:25 AM;00:00:00.8020818;0.0008043482;1
1;67;4;WholeRoom;16;-8.25382;-7.005799;152.569;null;0.000;-8.572744;-7.17972;222.965;0.01378255;;0;0;5/7/2020 11:59:25 AM;00:00:00.8131334;0.0008155783;1
1;67;4;WholeRoom;16;-8.263741;-7.009004;152.8678;null;0.000;-8.572809;-7.180084;222.925;0.03286599;;0;0;5/7/2020 11:59:25 AM;00:00:00.8243412;0.0008266285;1
1;67;4;WholeRoom;16;-8.263678;-7.007712;153.1883;null;0.000;-8.572702;-7.180197;222.9187;0.01407209;;0;0;5/7/2020 11:59:25 AM;00:00:00.8353980;0.0008378788;1
1;67;4;WholeRoom;16;-8.265535;-7.011376;153.2784;null;0.000;-8.572649;-7.180236;222.9093;0.005883345;;0;0;5/7/2020 11:59:25 AM;00:00:00.8465338;0.0008489251;1
1;67;4;WholeRoom;16;-8.325741;-7.052776;153.3531;null;0.000;-8.572849;-7.180336;222.881;0.02027018;;0;0;5/7/2020 11:59:25 AM;00:00:00.8578617;0.0008600762;1
1;67;4;WholeRoom;16;-8.3214;-7.049857;153.2988;null;0.000;-8.572786;-7.180451;222.8837;0.01175017;;0;0;5/7/2020 11:59:25 AM;00:00:00.8688776;0.0008713886;1
1;67;4;WholeRoom;16;-8.320913;-7.0508;153.2334;null;0.000;-8.572876;-7.180606;222.8701;0.01582622;;0;0;5/7/2020 11:59:25 AM;00:00:00.8802334;0.0008824212;1
1;67;4;WholeRoom;16;-8.320068;-7.050507;153.1621;null;0.000;-8.573427;-7.180669;222.8197;0.05028785;;0;0;5/7/2020 11:59:25 AM;00:00:00.9031498;0.0008937411;1
1;67;4;WholeRoom;16;-8.323034;-7.053369;153.154;null;0.000;-8.573486;-7.18085;222.7532;0.01683772;;0;0;5/7/2020 11:59:25 AM;00:00:00.9132499;0.0009165247;1
1;67;4;WholeRoom;16;-8.322694;-7.05494;152.926;null;0.000;-8.574615;-7.181516;222.408;0.05749477;;0;0;5/7/2020 11:59:25 AM;00:00:00.9216201;0.0009267982;1
1;67;4;WholeRoom;16;-8.325548;-7.057999;152.8018;null;0.000;-8.574903;-7.181938;222.076;0.04982205;;0;0;5/7/2020 11:59:25 AM;00:00:00.9309129;0.0009352018;1
1;67;4;WholeRoom;16;-8.326171;-7.058653;152.6596;null;0.000;-8.575229;-7.182303;221.8415;0.05815223;;0;0;5/7/2020 11:59:25 AM;00:00:00.9421739;0.0009444738;1
1;67;4;WholeRoom;16;-8.326721;-7.060625;152.404;null;0.000;-8.575897;-7.182547;221.6417;0.07675907;;0;0;5/7/2020 11:59:25 AM;00:00:00.9533044;0.0009557143;1
1;67;4;WholeRoom;16;-8.328411;-7.062989;152.2661;null;0.000;-8.576565;-7.183267;221.7041;0.08732083;;0;0;5/7/2020 11:59:25 AM;00:00:00.9644793;0.0009668612;1
1;67;4;WholeRoom;16;-8.330109;-7.064949;152.062;null;0.000;-8.577831;-7.184223;221.6884;0.1423816;;0;0;5/7/2020 11:59:25 AM;00:00:00.9756696;0.0009780253;1
1;67;4;WholeRoom;16;-8.331939;-7.065936;151.8323;null;0.000;-8.57917;-7.184494;221.5125;0.122373;;0;0;5/7/2020 11:59:25 AM;00:00:00.9921174;0.0009892026;1
1;67;4;WholeRoom;16;-8.334401;-7.067692;151.7603;null;0.000;-8.580162;-7.185346;221.3584;0.1169298;;0;0;5/7/2020 11:59:25 AM;00:00:01.0021777;0.001005657;1
1;67;4;WholeRoom;16;-8.336332;-7.068023;152.0199;null;0.000;-8.580851;-7.185875;221.373;0.05278147;;0;0;5/7/2020 11:59:25 AM;00:00:01.0119040;0.001015705;1
1;67;4;WholeRoom;16;-8.337581;-7.068093;152.5678;null;0.000;-8.58153;-7.186134;221.4516;0.07233908;;0;0;5/7/2020 11:59:25 AM;00:00:01.0215167;0.001025488;1
1;67;4;WholeRoom;16;-8.338862;-7.068566;153.1007;null;0.000;-8.582146;-7.186586;221.5104;0.07810672;;0;0;5/7/2020 11:59:25 AM;00:00:01.0328556;0.001035088;1
1;67;4;WholeRoom;16;-8.340168;-7.0674;153.9643;null;0.000;-8.582434;-7.186768;221.5792;0.03547069;;0;0;5/7/2020 11:59:25 AM;00:00:01.0429594;0.00104643;1
1;67;4;WholeRoom;16;-8.340784;-7.067286;154.7338;null;0.000;-8.582632;-7.186893;221.6229;0.02069195;;0;0;5/7/2020 11:59:25 AM;00:00:01.0541651;0.00105653;1
1;67;4;WholeRoom;16;-8.342278;-7.066719;155.4446;null;0.000;-8.582781;-7.187391;221.6199;0.05143932;;0;0;5/7/2020 11:59:25 AM;00:00:01.0652175;0.001067742;1
1;67;4;WholeRoom;16;-8.342495;-7.066936;156.0763;null;0.000;-8.582798;-7.187417;221.5102;0.00276019;;0;0;5/7/2020 11:59:25 AM;00:00:01.0767880;0.001078784;1
1;67;4;WholeRoom;16;-8.342257;-7.066915;156.6033;null;0.000;-8.58285;-7.187432;221.411;0.004864284;;0;0;5/7/2020 11:59:25 AM;00:00:01.0874267;0.001090338;1
1;67;4;WholeRoom;16;-8.343151;-7.067993;157.0356;null;0.000;-8.583197;-7.187388;221.2581;0.03029078;;0;0;5/7/2020 11:59:25 AM;00:00:01.0986793;0.001100985;1
1;67;4;WholeRoom;16;-8.343124;-7.069008;157.3604;null;0.000;-8.583117;-7.187136;221.1652;0.02485577;;0;0;5/7/2020 11:59:25 AM;00:00:01.1098550;0.001112248;1
1;67;4;WholeRoom;16;-8.343554;-7.070049;157.4424;null;0.000;-8.583119;-7.186899;221.0973;0.0210018;;0;0;5/7/2020 11:59:25 AM;00:00:01.1210038;0.001123403;1
1;67;4;WholeRoom;16;-8.344248;-7.071314;157.2672;null;0.000;-8.583408;-7.186799;221.0252;0.02741444;;0;0;5/7/2020 11:59:25 AM;00:00:01.1322317;0.001134572;1
1;67;4;WholeRoom;16;-8.344701;-7.072686;157.1622;null;0.000;-8.583675;-7.186776;221.0087;0.02399699;;0;0;5/7/2020 11:59:25 AM;00:00:01.1433688;0.001145793;1
1;67;4;WholeRoom;16;-8.345761;-7.073284;156.6306;null;0.000;-8.584314;-7.186814;220.9983;0.05704326;;0;0;5/7/2020 11:59:25 AM;00:00:01.1544810;0.001156951;1
1;67;4;WholeRoom;16;-8.347167;-7.074542;156.1422;null;0.000;-8.585084;-7.187372;221.0194;0.08518913;;0;0;5/7/2020 11:59:25 AM;00:00:01.1656682;0.001168062;1
1;67;4;WholeRoom;16;-8.348305;-7.075397;155.6986;null;0.000;-8.58574;-7.187807;220.9798;0.07084764;;0;0;5/7/2020 11:59:25 AM;00:00:01.1768653;0.001179246;1
1;67;4;WholeRoom;16;-8.349401;-7.075227;155.2568;null;0.000;-8.586574;-7.188403;220.8896;0.09162125;;0;0;5/7/2020 11:59:25 AM;00:00:01.1880418;0.001190431;1
1;67;4;WholeRoom;16;-8.350618;-7.075702;155.0484;null;0.000;-8.587051;-7.189003;220.8582;0.06852942;;0;0;5/7/2020 11:59:25 AM;00:00:01.1990750;0.001201608;1
1;67;4;WholeRoom;16;-8.351381;-7.076072;155.0411;null;0.000;-8.587615;-7.189512;220.8079;0.06798863;;0;0;5/7/2020 11:59:25 AM;00:00:01.2104751;0.001212602;1
1;67;4;WholeRoom;16;-8.352016;-7.076439;155.1209;null;0.000;-8.588103;-7.189996;220.712;0.06250357;;0;0;5/7/2020 11:59:25 AM;00:00:01.2213610;0.001224053;1
1;67;4;WholeRoom;16;-8.352476;-7.076228;155.5214;null;0.000;-8.588552;-7.190366;220.6492;0.05082434;;0;0;5/7/2020 11:59:25 AM;00:00:01.2325481;0.001234909;1
1;67;4;WholeRoom;16;-8.352489;-7.076111;155.8788;null;0.000;-8.588879;-7.190624;220.5977;0.03830544;;0;0;5/7/2020 11:59:25 AM;00:00:01.2437320;0.0012461;1
1;67;4;WholeRoom;16;-8.352522;-7.075689;156.4622;null;0.000;-8.589344;-7.190879;220.6033;0.0474466;;0;0;5/7/2020 11:59:25 AM;00:00:01.2548864;0.001257284;1
1;67;4;WholeRoom;16;-8.352858;-7.075518;156.9721;null;0.000;-8.589272;-7.191039;220.5622;0.01568442;;0;0;5/7/2020 11:59:25 AM;00:00:01.2660862;0.001268424;1
1;67;4;WholeRoom;16;-8.35256;-7.075214;157.3587;null;0.000;-8.589195;-7.191006;220.5076;0.007475004;;0;0;5/7/2020 11:59:25 AM;00:00:01.2772766;0.001279638;1
1;67;4;WholeRoom;16;-8.352666;-7.075128;157.6445;null;0.000;-8.589611;-7.190862;220.4665;0.03923852;;0;0;5/7/2020 11:59:25 AM;00:00:01.2884225;0.001290836;1
1;67;4;WholeRoom;16;-8.352957;-7.07528;157.7682;null;0.000;-8.589276;-7.190772;220.4272;0.03094676;;0;0;5/7/2020 11:59:25 AM;00:00:01.2996328;0.001301945;1
1;67;4;WholeRoom;16;-8.353497;-7.075401;157.7278;null;0.000;-8.589211;-7.190629;220.3945;0.01417731;;0;0;5/7/2020 11:59:25 AM;00:00:01.3108096;0.001313177;1
1;67;4;WholeRoom;16;-8.353943;-7.075522;157.474;null;0.000;-8.589472;-7.190374;220.3319;0.0324241;;0;0;5/7/2020 11:59:25 AM;00:00:01.3238218;0.001324349;1
1;67;4;WholeRoom;16;-8.354552;-7.076089;157.1974;null;0.000;-8.58951;-7.190372;220.3316;0.003417008;;0;0;5/7/2020 11:59:25 AM;00:00:01.3330544;0.001337328;1
1;67;4;WholeRoom;16;-8.354419;-7.076702;156.9963;null;0.000;-8.589495;-7.190312;220.3199;0.004811482;;0;0;5/7/2020 11:59:25 AM;00:00:01.3443503;0.001346608;1
1;67;4;WholeRoom;16;-8.354905;-7.076768;156.6735;null;0.000;-8.589712;-7.190291;220.3247;0.02353448;;0;0;5/7/2020 11:59:25 AM;00:00:01.3557679;0.001357917;1
1;67;4;WholeRoom;16;-8.355179;-7.076926;156.4624;null;0.000;-8.589679;-7.190482;220.3668;0.01712252;;0;0;5/7/2020 11:59:25 AM;00:00:01.3674576;0.001369333;1
1;67;4;WholeRoom;16;-8.355256;-7.077062;156.3622;null;0.000;-8.589736;-7.190619;220.3823;0.01295469;;0;0;5/7/2020 11:59:25 AM;00:00:01.3787366;0.001380995;1
1;67;4;WholeRoom;16;-8.355225;-7.076706;156.3398;null;0.000;-8.590115;-7.190798;220.3547;0.03592259;;0;0;5/7/2020 11:59:26 AM;00:00:01.3902879;0.001392299;1
1;67;4;WholeRoom;16;-8.355225;-7.076465;156.4721;null;0.000;-8.590317;-7.191184;220.3615;0.03852867;;0;0;5/7/2020 11:59:26 AM;00:00:01.4016736;0.001403794;1
1;67;4;WholeRoom;16;-8.354658;-7.076411;156.6619;null;0.000;-8.590618;-7.191663;220.3326;0.0492464;;0;0;5/7/2020 11:59:26 AM;00:00:01.4131560;0.00141523;1
1;67;4;WholeRoom;16;-8.354449;-7.07608;156.788;null;0.000;-8.591033;-7.192236;220.2892;0.06186717;;0;0;5/7/2020 11:59:26 AM;00:00:01.4248850;0.001426701;1
1;67;4;WholeRoom;16;-8.354016;-7.07602;156.9905;null;0.000;-8.591051;-7.192819;220.2352;0.05082311;;0;0;5/7/2020 11:59:26 AM;00:00:01.4361004;0.001438439;1
1;67;4;WholeRoom;16;-8.353476;-7.075956;157.071;null;0.000;-8.591501;-7.193384;220.1807;0.06154728;;0;0;5/7/2020 11:59:26 AM;00:00:01.4475502;0.001449662;1
1;67;4;WholeRoom;16;-8.353137;-7.075906;157.0698;null;0.000;-8.592394;-7.193741;220.0863;0.08566592;;0;0;5/7/2020 11:59:26 AM;00:00:01.4592147;0.001461103;1
1;67;4;WholeRoom;16;-8.35291;-7.07672;157.0086;null;0.000;-8.592749;-7.194373;220.0445;0.06333512;;0;0;5/7/2020 11:59:26 AM;00:00:01.4705259;0.001472777;1
1;67;4;WholeRoom;16;-8.352224;-7.076938;156.8539;null;0.000;-8.593242;-7.194809;220.0032;0.05642108;;0;0;5/7/2020 11:59:26 AM;00:00:01.4820955;0.001484069;1
1;67;4;WholeRoom;16;-8.351896;-7.076978;156.635;null;0.000;-8.593508;-7.195436;219.9851;0.06032484;;0;0;5/7/2020 11:59:26 AM;00:00:01.4935194;0.001495515;1
1;67;4;WholeRoom;16;-8.351482;-7.077229;156.4672;null;0.000;-8.593838;-7.195657;219.9799;0.03468584;;0;0;5/7/2020 11:59:26 AM;00:00:01.5050570;0.001507073;1
1;67;4;WholeRoom;16;-8.351318;-7.077354;156.3123;null;0.000;-8.594132;-7.195848;219.9652;0.03034895;;0;0;5/7/2020 11:59:26 AM;00:00:01.5165129;0.001518602;1
1;67;4;WholeRoom;16;-8.351093;-7.077027;156.1692;null;0.000;-8.594412;-7.195697;219.9915;0.02753619;;0;0;5/7/2020 11:59:26 AM;00:00:01.5281435;0.001530034;1
1;67;4;WholeRoom;16;-8.350666;-7.077168;156.0797;null;0.000;-8.593842;-7.195592;219.9783;0.05072034;;0;0;5/7/2020 11:59:26 AM;00:00:01.5390174;0.001541671;1
1;67;4;WholeRoom;16;-8.350256;-7.077079;156.0188;null;0.000;-8.593783;-7.195447;219.9396;0.01342294;;0;0;5/7/2020 11:59:26 AM;00:00:01.5502667;0.001552545;1
1;67;4;WholeRoom;16;-8.350069;-7.076674;155.9368;null;0.000;-8.594085;-7.195037;219.9126;0.04676654;;0;0;5/7/2020 11:59:26 AM;00:00:01.5614540;0.001563815;1
1;67;4;WholeRoom;16;-8.350283;-7.076035;155.9228;null;0.000;-8.593887;-7.194967;219.8632;0.01858774;;0;0;5/7/2020 11:59:26 AM;00:00:01.5726036;0.001574954;1
1;67;4;WholeRoom;16;-8.350168;-7.075705;155.9275;null;0.000;-8.593791;-7.194807;219.8004;0.01678161;;0;0;5/7/2020 11:59:26 AM;00:00:01.5837713;0.001586141;1
1;67;4;WholeRoom;16;-8.350005;-7.075454;155.9361;null;0.000;-8.593955;-7.194692;219.7332;0.01792737;;0;0;5/7/2020 11:59:26 AM;00:00:01.5949307;0.001597311;1
1;67;4;WholeRoom;16;-8.350153;-7.074983;156.0217;null;0.000;-8.593965;-7.194756;219.6868;0.005783702;;0;0;5/7/2020 11:59:26 AM;00:00:01.6060856;0.001608465;1
1;67;4;WholeRoom;16;-8.349886;-7.07451;156.04;null;0.000;-8.593945;-7.194696;219.6359;0.005596815;;0;0;5/7/2020 11:59:26 AM;00:00:01.6187251;0.001619603;1
1;67;4;WholeRoom;16;-8.349777;-7.073904;156.0662;null;0.000;-8.594162;-7.194624;219.5787;0.02057964;;0;0;5/7/2020 11:59:26 AM;00:00:01.6286319;0.001632282;1
1;67;4;WholeRoom;16;-8.349693;-7.073387;156.0816;null;0.000;-8.594162;-7.194553;219.5306;0.005565783;;0;0;5/7/2020 11:59:26 AM;00:00:01.6396073;0.001642118;1
1;67;4;WholeRoom;16;-8.348824;-7.072656;156.0665;null;0.000;-8.59421;-7.194531;219.4948;0.005356902;;0;0;5/7/2020 11:59:26 AM;00:00:01.6507519;0.001653149;1
1;67;4;WholeRoom;16;-8.348349;-7.071921;156.0095;null;0.000;-8.594556;-7.194405;219.4581;0.03340871;;0;0;5/7/2020 11:59:26 AM;00:00:01.6620655;0.001664279;1
1;67;4;WholeRoom;16;-8.347849;-7.071148;155.8574;null;0.000;-8.594725;-7.194358;219.4231;0.01573611;;0;0;5/7/2020 11:59:26 AM;00:00:01.6730501;0.001675581;1
1;67;4;WholeRoom;16;-8.346498;-7.070227;155.5728;null;0.000;-8.594938;-7.194275;219.3797;0.02027764;;0;0;5/7/2020 11:59:26 AM;00:00:01.6844032;0.001686595;1
1;67;4;WholeRoom;16;-8.345715;-7.069639;155.2836;null;0.000;-8.59551;-7.19415;219.3447;0.05317489;;0;0;5/7/2020 11:59:26 AM;00:00:01.6954308;0.00169796;1
1;67;4;WholeRoom;16;-8.344245;-7.068251;154.8114;null;0.000;-8.59514;-7.193991;219.3028;0.0355238;;0;0;5/7/2020 11:59:26 AM;00:00:01.7066234;0.001708952;1
1;67;4;WholeRoom;16;-8.342284;-7.067009;154.5999;null;0.000;-8.595366;-7.193647;219.2662;0.03744043;;0;0;5/7/2020 11:59:26 AM;00:00:01.7178018;0.001720164;1
1;67;4;WholeRoom;16;-8.34027;-7.065718;154.5689;null;0.000;-8.595675;-7.193319;219.2417;0.0402275;;0;0;5/7/2020 11:59:26 AM;00:00:01.7289507;0.001731303;1
1;67;4;WholeRoom;16;-8.338123;-7.063933;155.1115;null;0.000;-8.595726;-7.192812;219.2354;0.04573089;;0;0;5/7/2020 11:59:26 AM;00:00:01.7401880;0.001742499;1
1;67;4;WholeRoom;16;-8.335579;-7.06152;155.9376;null;0.000;-8.595648;-7.192205;219.2397;0.05461943;;0;0;5/7/2020 11:59:26 AM;00:00:01.7512913;0.001753648;1
1;67;4;WholeRoom;16;-8.333896;-7.059485;156.5472;null;0.000;-8.595737;-7.191527;219.2527;0.06134855;;0;0;5/7/2020 11:59:26 AM;00:00:01.7624673;0.001764845;1
1;67;4;WholeRoom;16;-8.332497;-7.05659;156.9095;null;0.000;-8.595369;-7.190957;219.287;0.06065788;;0;0;5/7/2020 11:59:26 AM;00:00:01.7736801;0.001775978;1
1;67;4;WholeRoom;16;-8.330662;-7.054246;156.974;null;0.000;-8.595028;-7.190163;219.3446;0.07762648;;0;0;5/7/2020 11:59:26 AM;00:00:01.7847920;0.001787178;1
1;67;4;WholeRoom;16;-8.329566;-7.051754;156.7009;null;0.000;-8.594658;-7.18944;219.3985;0.07251211;;0;0;5/7/2020 11:59:26 AM;00:00:01.7960036;0.001798312;1
1;67;4;WholeRoom;16;-8.328267;-7.04807;156.4862;null;0.000;-8.594162;-7.188558;219.451;0.09085164;;0;0;5/7/2020 11:59:26 AM;00:00:01.8071431;0.001809521;1
1;67;4;WholeRoom;16;-8.326084;-7.045308;156.4134;null;0.000;-8.5936;-7.187608;219.5143;0.09848783;;0;0;5/7/2020 11:59:26 AM;00:00:01.8183216;0.001820625;1
1;67;4;WholeRoom;16;-8.323511;-7.043048;156.3971;null;0.000;-8.593085;-7.186831;219.5949;0.08389338;;0;0;5/7/2020 11:59:26 AM;00:00:01.8295077;0.001831866;1
1;67;4;WholeRoom;16;-8.320374;-7.040843;156.3302;null;0.000;-8.592462;-7.185772;219.646;0.1093753;;0;0;5/7/2020 11:59:26 AM;00:00:01.8409073;0.001843022;1
1;67;4;WholeRoom;16;-8.317085;-7.038243;156.1786;null;0.000;-8.59187;-7.18471;219.7071;0.1089507;;0;0;5/7/2020 11:59:26 AM;00:00:01.8518540;0.001854432;1
1;67;4;WholeRoom;16;-8.314091;-7.036003;155.9249;null;0.000;-8.591083;-7.183969;219.7373;0.0947547;;0;0;5/7/2020 11:59:26 AM;00:00:01.8630059;0.001865379;1
1;67;4;WholeRoom;16;-8.310368;-7.034241;155.5787;null;0.000;-8.590412;-7.183036;219.7539;0.1049608;;0;0;5/7/2020 11:59:26 AM;00:00:01.8759784;0.001876541;1
1;67;4;WholeRoom;16;-8.305529;-7.03182;155.5439;null;0.000;-8.589993;-7.182052;219.7261;0.09589323;;0;0;5/7/2020 11:59:26 AM;00:00:01.8853827;0.001889522;1
1;67;4;WholeRoom;16;-8.300119;-7.029171;155.9408;null;0.000;-8.589853;-7.18049;219.6642;0.1208141;;0;0;5/7/2020 11:59:26 AM;00:00:01.8964819;0.001898866;1
1;67;4;WholeRoom;16;-8.29308;-7.026032;157.354;null;0.000;-8.589445;-7.179395;219.6141;0.1250555;;0;0;5/7/2020 11:59:26 AM;00:00:01.9078301;0.001909999;1
1;67;4;WholeRoom;16;-8.286851;-7.023177;158.408;null;0.000;-8.589037;-7.178262;219.5593;0.1081261;;0;0;5/7/2020 11:59:26 AM;00:00:01.9188169;0.001921303;1
1;67;4;WholeRoom;16;-8.281384;-7.019962;159.2125;null;0.000;-8.588554;-7.17698;219.5295;0.1211984;;0;0;5/7/2020 11:59:26 AM;00:00:01.9335625;0.001932347;1
1;67;4;WholeRoom;16;-8.274809;-7.01691;160.0665;null;0.000;-8.588156;-7.175656;219.4585;0.1252097;;0;0;5/7/2020 11:59:26 AM;00:00:01.9482947;0.001947144;1
1;67;4;WholeRoom;16;-8.267967;-7.014015;160.6735;null;0.000;-8.58773;-7.174345;219.4232;0.09310727;;0;0;5/7/2020 11:59:26 AM;00:00:01.9577183;0.001961882;1
1;67;4;WholeRoom;16;-8.261982;-7.011189;161.077;null;0.000;-8.587149;-7.172886;219.3982;0.1065826;;0;0;5/7/2020 11:59:26 AM;00:00:01.9669909;0.001971226;1
1;67;4;WholeRoom;16;-8.248779;-7.005747;161.8299;null;0.000;-8.586126;-7.169597;219.3492;0.3686588;;0;0;5/7/2020 11:59:26 AM;00:00:01.9764316;0.001980556;1
1;67;4;WholeRoom;16;-8.248779;-7.005747;161.8299;null;0.000;-8.586126;-7.169597;219.3492;0;;0;0;5/7/2020 11:59:26 AM;00:00:01.9856282;0.001989961;1
1;67;4;WholeRoom;16;-8.240135;-7.00298;162.7825;null;0.000;-8.585562;-7.167944;219.2813;0.1856459;;0;0;5/7/2020 11:59:26 AM;00:00:01.9951162;0.00199921;1
1;67;4;WholeRoom;16;-8.230843;-6.999819;164.1853;null;0.000;-8.584538;-7.165889;219.2979;0.2482276;;0;0;5/7/2020 11:59:26 AM;00:00:02.0043326;0.002008699;1
1;67;4;WholeRoom;16;-8.222548;-6.996905;165.2583;null;0.000;-8.583821;-7.163853;219.3203;0.2275452;;0;0;5/7/2020 11:59:26 AM;00:00:02.0142459;0.002017893;1
1;67;4;WholeRoom;16;-8.213278;-6.993556;167.0781;null;0.000;-8.583068;-7.161874;219.4091;0.2302659;;0;0;5/7/2020 11:59:26 AM;00:00:02.0257998;0.002028019;1
1;67;4;WholeRoom;16;-8.204607;-6.990971;168.4661;null;0.000;-8.581968;-7.159485;219.5231;0.2597646;;0;0;5/7/2020 11:59:26 AM;00:00:02.0369866;0.002039348;1
1;67;4;WholeRoom;16;-8.195904;-6.988078;169.7912;Box2;1.166;-8.580975;-7.157117;219.613;0.2266818;;-8.1324;0.3;5/7/2020 11:59:26 AM;00:00:02.0479902;0.002050546;1
1;67;4;WholeRoom;16;-8.186306;-6.984891;171.4286;Box2;1.162;-8.579469;-7.154306;219.7448;0.2847311;;-8.1324;0.3;5/7/2020 11:59:26 AM;00:00:02.0592935;0.002061525;1
1;67;4;WholeRoom;16;-8.176855;-6.982225;173.2413;Box2;1.160;-8.578382;-7.151893;219.8846;0.241046;;-8.1324;0.3;5/7/2020 11:59:26 AM;00:00:02.0702960;0.00207285;1
1;67;4;WholeRoom;16;-8.167099;-6.979812;174.8984;Box2;1.157;-8.576967;-7.149123;220.0739;0.2746529;;-8.1324;0.3;5/7/2020 11:59:26 AM;00:00:02.0814799;0.002083851;1
1;67;4;WholeRoom;16;-8.157589;-6.977108;176.4832;Box2;1.155;-8.575613;-7.146451;220.2761;0.2723798;;-8.1324;0.3;5/7/2020 11:59:26 AM;00:00:02.0927316;0.002095037;1
1;67;4;WholeRoom;16;-8.14819;-6.975432;178.1115;Box2;1.153;-8.574119;-7.143766;220.4026;0.2746297;;-8.1324;0.3;5/7/2020 11:59:26 AM;00:00:02.1055592;0.00210627;1
1;67;4;WholeRoom;16;-8.138494;-6.973595;179.9777;Box2;1.151;-8.572318;-7.14093;220.5172;0.2991138;;-8.1324;0.3;5/7/2020 11:59:26 AM;00:00:02.1147737;0.002119035;1
1;67;4;WholeRoom;16;-8.128719;-6.970813;181.7191;Box2;1.149;-8.570832;-7.138023;220.673;0.2557347;;-8.1324;0.3;5/7/2020 11:59:26 AM;00:00:02.1262668;0.002128536;1
1;67;4;WholeRoom;16;-8.117846;-6.969835;183.8887;Box2;1.148;-8.568627;-7.135309;220.837;0.3680117;;-8.1324;0.3;5/7/2020 11:59:26 AM;00:00:02.1373270;0.002139835;1
1;67;4;WholeRoom;16;-8.107748;-6.968307;185.9838;Box2;1.147;-8.566238;-7.132575;221.0349;0.3213458;;-8.1324;0.3;5/7/2020 11:59:26 AM;00:00:02.1487480;0.002150876;1
1;67;4;WholeRoom;16;-8.097569;-6.967077;187.9004;Box2;1.146;-8.56444;-7.129678;221.2099;0.3088662;;-8.1324;0.3;5/7/2020 11:59:26 AM;00:00:02.1668222;0.002162199;1
1;67;4;WholeRoom;16;-8.087471;-6.966007;190.0142;Box2;1.145;-8.562056;-7.127102;221.3724;0.3099724;;-8.1324;0.3;5/7/2020 11:59:26 AM;00:00:02.1763820;0.002180376;1
1;67;4;WholeRoom;16;-8.077831;-6.964627;191.8387;Box2;1.144;-8.559484;-7.124542;221.5105;0.1995912;;-8.1324;0.3;5/7/2020 11:59:26 AM;00:00:02.1857544;0.00218993;1
1;67;4;WholeRoom;16;-8.069033;-6.962401;193.2557;Box2;1.143;-8.557242;-7.121708;221.6499;0.3782691;;-8.1324;0.3;5/7/2020 11:59:26 AM;00:00:02.1957175;0.002199339;1
1;67;4;WholeRoom;16;-8.05895;-6.962545;195.0968;Box2;1.143;-8.554224;-7.119344;221.7615;0.4074681;;-8.1324;0.3;5/7/2020 11:59:26 AM;00:00:02.2051050;0.00220928;1
1;67;4;WholeRoom;16;-8.048903;-6.962364;196.7785;Box2;1.144;-8.551172;-7.116914;221.8492;0.392443;;-8.1324;0.3;5/7/2020 11:59:26 AM;00:00:02.2155671;0.002218682;1
1;67;4;WholeRoom;16;-8.039883;-6.96136;198.6387;Box9;1.804;-8.547985;-7.114343;221.8752;0.4354864;;-7.4012;0.3;5/7/2020 11:59:26 AM;00:00:02.2268170;0.002229144;1
1;67;4;WholeRoom;16;-8.030077;-6.961523;200.2891;Box9;1.801;-8.544655;-7.111959;221.8781;0.3915327;;-7.4012;0.3;5/7/2020 11:59:26 AM;00:00:02.2378640;0.002240379;1
1;67;4;WholeRoom;16;-8.020391;-6.962055;201.8054;Box9;1.798;-8.541437;-7.109436;221.8682;0.3638977;;-7.4012;0.3;5/7/2020 11:59:26 AM;00:00:02.2490701;0.002251375;1
1;67;4;WholeRoom;16;-8.01169;-6.96201;203.0621;Box9;1.795;-8.538044;-7.106617;221.8196;0.4011428;;-7.4012;0.3;5/7/2020 11:59:26 AM;00:00:02.2602932;0.002262643;1
1;67;4;WholeRoom;16;-8.002898;-6.961982;204.4786;Box9;1.792;-8.534246;-7.104042;221.8069;0.40724;;-7.4012;0.3;5/7/2020 11:59:26 AM;00:00:02.2714163;0.002273835;1
1;67;4;WholeRoom;16;-7.994542;-6.962076;205.7754;Box9;1.789;-8.530479;-7.101288;221.7775;0.4168932;;-7.4012;0.3;5/7/2020 11:59:26 AM;00:00:02.2825790;0.002284932;1
1;67;4;WholeRoom;16;-7.985291;-6.961795;207.2596;Box9;1.786;-8.526073;-7.09815;221.7407;0.4875486;;-7.4012;0.3;5/7/2020 11:59:26 AM;00:00:02.2937676;0.002296115;1
1;67;4;WholeRoom;16;-7.975479;-6.962245;209.3056;Box9;1.783;-8.521384;-7.09511;221.7343;0.4996497;;-7.4012;0.3;5/7/2020 11:59:26 AM;00:00:02.3051481;0.002307328;1
1;67;4;WholeRoom;16;-7.966084;-6.962261;211.1442;Box9;1.780;-8.516575;-7.091756;221.7371;0.5229099;;-7.4012;0.3;5/7/2020 11:59:26 AM;00:00:02.3232090;0.002318681;1
1;67;4;WholeRoom;16;-7.953991;-6.966164;214.5811;Box22;3.737;-8.51153;-7.088686;221.7599;0.5202202;;-6.056;0.3;5/7/2020 11:59:26 AM;00:00:02.3363233;0.002336705;1
1;67;4;WholeRoom;16;-7.950178;-6.960212;217.1288;Box22;3.730;-8.506126;-7.085399;221.8032;0.3508923;;-6.056;0.3;5/7/2020 11:59:26 AM;00:00:02.3458700;0.002349894;1
1;67;4;WholeRoom;16;-7.947818;-6.953097;212.8308;null;0.000;-8.500184;-7.081553;221.8714;0.5366454;;-6.056;0.3;5/7/2020 11:59:26 AM;00:00:02.3553370;0.002359433;1
1;67;4;WholeRoom;16;-7.942794;-6.948167;211.7008;Box22;3.716;-8.493595;-7.07829;221.9371;0.7708214;;-6.056;0.3;5/7/2020 11:59:26 AM;00:00:02.3647114;0.002368903;1
1;67;4;WholeRoom;16;-7.931615;-6.951584;212.1991;Box22;3.713;-8.48757;-7.074835;222.007;0.7334487;;-6.056;0.3;5/7/2020 11:59:26 AM;00:00:02.3743142;0.00237827;1
1;67;4;WholeRoom;16;-7.919543;-6.954773;215.4751;Box22;3.710;-8.481094;-7.071106;222.0928;0.7977899;;-6.056;0.3;5/7/2020 11:59:26 AM;00:00:02.3836749;0.002387859;1
1;67;4;WholeRoom;16;-7.910796;-6.955298;218.04;null;0.000;-8.474731;-7.067338;222.1441;0.7710941;;-6.056;0.3;5/7/2020 11:59:27 AM;00:00:02.3942738;0.002397236;1
1;67;4;WholeRoom;16;-7.903463;-6.952401;219.1026;Box24;3.510;-8.467756;-7.063773;222.2109;0.8354093;;-5.544;0.3;5/7/2020 11:59:27 AM;00:00:02.4054870;0.002407817;1
1;67;4;WholeRoom;16;-7.895903;-6.952347;219.892;Box24;3.505;-8.46073;-7.060108;222.2547;0.7490221;;-5.544;0.3;5/7/2020 11:59:27 AM;00:00:02.4165493;0.002419023;1
1;67;4;WholeRoom;16;-7.88806;-6.94628;221.525;Box24;3.495;-8.452928;-7.056735;222.2879;0.7585058;;-5.544;0.3;5/7/2020 11:59:27 AM;00:00:02.4278212;0.002430099;1
1;67;4;WholeRoom;16;-7.879669;-6.942711;222.5246;Box24;3.487;-8.445791;-7.053163;222.3452;0.720492;;-5.544;0.3;5/7/2020 11:59:27 AM;00:00:02.4388989;0.002441358;1
1;67;4;WholeRoom;16;-7.870835;-6.937314;223.5211;Box24;3.477;-8.438394;-7.049592;222.435;0.7296229;;-5.544;0.3;5/7/2020 11:59:27 AM;00:00:02.4501381;0.002452432;1
1;67;4;WholeRoom;16;-7.86242;-6.935366;225.0139;Box24;3.470;-8.430501;-7.045363;222.5068;0.8085321;;-5.544;0.3;5/7/2020 11:59:27 AM;00:00:02.4614687;0.002463693;1
1;67;4;WholeRoom;16;-7.853586;-6.933395;226.577;Box24;3.463;-8.422716;-7.041931;222.5531;0.7554814;;-5.544;0.3;5/7/2020 11:59:27 AM;00:00:02.4797462;0.002475033;1
1;67;4;WholeRoom;16;-7.846839;-6.931337;228.0321;Box24;3.457;-8.41468;-7.038784;222.5734;0.7610396;;-5.544;0.3;5/7/2020 11:59:27 AM;00:00:02.4894416;0.002493298;1
1;67;4;WholeRoom;16;-7.840678;-6.928251;228.2987;null;0.000;-8.407047;-7.035331;222.6415;0.4586856;;-5.544;0.3;5/7/2020 11:59:27 AM;00:00:02.4991401;0.002502971;1
1;67;4;WholeRoom;16;-7.832713;-6.924413;228.5191;null;0.000;-8.398979;-7.032277;222.7606;0.8918797;;-5.544;0.3;5/7/2020 11:59:27 AM;00:00:02.5087703;0.002512699;1
1;67;4;WholeRoom;16;-7.825681;-6.921091;228.8566;null;0.000;-8.390682;-7.02947;222.9327;0.9003569;;-5.544;0.3;5/7/2020 11:59:27 AM;00:00:02.5218284;0.002522316;1
1;67;4;WholeRoom;16;-7.81722;-6.916988;230.1109;null;0.000;-8.382309;-7.027084;223.0226;0.9052781;;-5.544;0.3;5/7/2020 11:59:27 AM;00:00:02.5313863;0.002535398;1
1;67;4;WholeRoom;16;-7.809498;-6.912652;231.1488;null;0.000;-8.373806;-7.02422;223.1116;0.6858612;;-5.544;0.3;5/7/2020 11:59:27 AM;00:00:02.5409187;0.002544967;1
1;67;4;WholeRoom;16;-7.801654;-6.908584;232.4357;null;0.000;-8.365587;-7.02133;223.1196;0.910525;;-5.544;0.3;5/7/2020 11:59:27 AM;00:00:02.5510493;0.002554478;1
1;67;4;WholeRoom;16;-7.793095;-6.904516;233.8912;null;0.000;-8.358091;-7.018285;223.0717;0.8506215;;-5.544;0.3;5/7/2020 11:59:27 AM;00:00:02.5618408;0.002564543;1
1;67;4;WholeRoom;16;-7.785341;-6.900897;234.6799;null;0.000;-8.34934;-7.014975;222.8628;0.9295367;;-5.544;0.3;5/7/2020 11:59:27 AM;00:00:02.5731086;0.002575398;1
1;67;4;WholeRoom;16;-7.778631;-6.897178;234.7162;null;0.000;-8.34055;-7.01155;222.7506;0.8690546;;-5.544;0.3;5/7/2020 11:59:27 AM;00:00:02.5842032;0.002586596;1
1;67;4;WholeRoom;16;-7.77213;-6.893776;234.6562;null;0.000;-8.331831;-7.008871;222.8076;0.8145958;;-5.544;0.3;5/7/2020 11:59:27 AM;00:00:02.5953299;0.002597729;1
1;67;4;WholeRoom;16;-7.765637;-6.888735;233.9124;null;0.000;-8.323165;-7.005585;222.9215;0.8325021;;-5.544;0.3;5/7/2020 11:59:27 AM;00:00:02.6064962;0.002608878;1
1;67;4;WholeRoom;16;-7.758605;-6.884558;233.8041;null;0.000;-8.314401;-7.002116;223.1573;0.8454639;;-5.544;0.3;5/7/2020 11:59:27 AM;00:00:02.6178463;0.002620047;1
1;67;4;WholeRoom;16;-7.751392;-6.880562;234.5526;null;0.000;-8.305904;-6.998284;223.3728;0.8344519;;-5.544;0.3;5/7/2020 11:59:27 AM;00:00:02.6364211;0.002631412;1
1;67;4;WholeRoom;16;-7.744674;-6.877122;235.7431;null;0.000;-8.297369;-6.995036;223.6107;0.8035762;;-5.544;0.3;5/7/2020 11:59:27 AM;00:00:02.6462168;0.002650001;1
1;67;4;WholeRoom;16;-7.737411;-6.873806;236.6911;null;0.000;-8.289076;-6.992105;223.842;0.4731614;;-5.544;0.3;5/7/2020 11:59:27 AM;00:00:02.6594866;0.002659762;1
1;67;4;WholeRoom;16;-7.731607;-6.870739;237.5119;null;0.000;-8.281028;-6.98953;223.9668;0.86574;;-5.544;0.3;5/7/2020 11:59:27 AM;00:00:02.6692398;0.002673063;1
1;67;4;WholeRoom;16;-7.726116;-6.866844;237.8673;null;0.000;-8.273119;-6.987023;224.0199;0.6237417;;-5.544;0.3;5/7/2020 11:59:27 AM;00:00:02.6788666;0.002682754;1
1;67;4;WholeRoom;16;-7.720109;-6.862695;238.03;null;0.000;-8.265694;-6.985008;223.8705;0.7939371;;-5.544;0.3;5/7/2020 11:59:27 AM;00:00:02.6884088;0.00269243;1
1;67;4;WholeRoom;16;-7.715915;-6.857341;237.5023;null;0.000;-8.258278;-6.982845;223.588;0.7983617;;-5.544;0.3;5/7/2020 11:59:27 AM;00:00:02.6980070;0.002701999;1
1;67;4;WholeRoom;16;-7.711105;-6.851899;236.9303;null;0.000;-8.25077;-6.980473;223.3388;0.8228616;;-5.544;0.3;5/7/2020 11:59:27 AM;00:00:02.7080072;0.002711565;1
1;67;4;WholeRoom;16;-7.705495;-6.846707;236.466;null;0.000;-8.24382;-6.978535;222.9075;0.7542111;;-5.544;0.3;5/7/2020 11:59:27 AM;00:00:02.7182354;0.002721549;1
1;67;4;WholeRoom;16;-7.701142;-6.84201;235.8098;null;0.000;-8.236979;-6.975641;222.689;0.7439916;;-5.544;0.3;5/7/2020 11:59:27 AM;00:00:02.7293741;0.002731785;1
1;67;4;WholeRoom;16;-7.695962;-6.837486;235.4918;null;0.000;-8.23003;-6.973342;222.3624;0.7150554;;-5.544;0.3;5/7/2020 11:59:27 AM;00:00:02.7405601;0.002742917;1
1;67;4;WholeRoom;16;-7.689881;-6.83296;235.2695;null;0.000;-8.22341;-6.970928;221.9661;0.6330105;;-5.544;0.3;5/7/2020 11:59:27 AM;00:00:02.7516618;0.002754105;1
1;67;4;WholeRoom;16;-7.68531;-6.82787;235.047;null;0.000;-8.217258;-6.968009;221.6693;0.6085972;;-5.544;0.3;5/7/2020 11:59:27 AM;00:00:02.7628903;0.002765235;1
1;67;4;WholeRoom;16;-7.680843;-6.822047;234.4196;null;0.000;-8.210848;-6.965346;221.3045;0.6236819;;-5.544;0.3;5/7/2020 11:59:27 AM;00:00:02.7742335;0.002776433;1
1;67;4;WholeRoom;16;-7.675819;-6.815525;233.0987;null;0.000;-8.204582;-6.962617;220.8941;0.6102993;;-5.544;0.3;5/7/2020 11:59:27 AM;00:00:02.7852201;0.00278779;1
1;67;4;WholeRoom;16;-7.672209;-6.80945;231.637;null;0.000;-8.198647;-6.960195;220.5396;0.5644275;;-5.544;0.3;5/7/2020 11:59:27 AM;00:00:02.7965916;0.002798771;1
1;67;4;WholeRoom;16;-7.667283;-6.804351;230.6231;null;0.000;-8.192686;-6.957328;220.1455;0.6023257;;-5.544;0.3;5/7/2020 11:59:27 AM;00:00:02.8077427;0.002810105;1
1;67;4;WholeRoom;16;-7.661528;-6.799668;229.9995;null;0.000;-8.186845;-6.954292;219.7988;0.5808656;;-5.544;0.3;5/7/2020 11:59:27 AM;00:00:02.8187158;0.002821169;1
1;67;4;WholeRoom;16;-7.656109;-6.795224;229.843;null;0.000;-8.181301;-6.951171;219.5025;0.5750172;;-5.544;0.3;5/7/2020 11:59:27 AM;00:00:02.8299321;0.002832252;1
1;67;4;WholeRoom;16;-7.651101;-6.790295;229.5114;null;0.000;-8.175459;-6.947948;219.2106;0.6020038;;-5.544;0.3;5/7/2020 11:59:27 AM;00:00:02.8433539;0.002843478;1
1;67;4;WholeRoom;16;-7.646735;-6.784046;229.2256;null;0.000;-8.169813;-6.944275;218.9584;0.5999759;;-5.544;0.3;5/7/2020 11:59:27 AM;00:00:02.8529583;0.002856935;1
1;67;4;WholeRoom;16;-7.642601;-6.778145;228.4808;null;0.000;-8.164208;-6.940969;218.7057;0.4835719;;-5.544;0.3;5/7/2020 11:59:27 AM;00:00:02.8634015;0.002866553;1
1;67;4;WholeRoom;16;-7.638637;-6.772418;227.6281;null;0.000;-8.158855;-6.937443;218.5231;0.6664346;;-5.544;0.3;5/7/2020 11:59:27 AM;00:00:02.8748108;0.002876959;1
1;67;4;WholeRoom;16;-7.635372;-6.766259;226.5461;null;0.000;-8.152813;-6.933871;218.3808;0.6745117;;-5.544;0.3;5/7/2020 11:59:27 AM;00:00:02.8858121;0.002888274;1
1;67;4;WholeRoom;16;-7.632162;-6.75982;225.3062;Box24;3.189;-8.147529;-6.930281;218.2507;0.5646135;;-5.544;0.3;5/7/2020 11:59:27 AM;00:00:02.8969337;0.002899362;1
1;67;4;WholeRoom;16;-7.629347;-6.753014;224.0308;Box24;3.182;-8.141842;-6.926575;218.1064;0.6122106;;-5.544;0.3;5/7/2020 11:59:27 AM;00:00:02.9081458;0.002910492;1
1;67;4;WholeRoom;16;-7.627145;-6.74571;222.7226;Box24;3.175;-8.136544;-6.922609;217.9977;0.5945718;;-5.544;0.3;5/7/2020 11:59:27 AM;00:00:02.9193038;0.002921649;1
1;67;4;WholeRoom;16;-7.624306;-6.738387;221.426;Box24;3.168;-8.131463;-6.918716;217.8934;0.5737118;;-5.544;0.3;5/7/2020 11:59:27 AM;00:00:02.9305500;0.002932854;1
1;67;4;WholeRoom;16;-7.621848;-6.731392;220.185;Box24;3.161;-8.126026;-6.914754;217.7651;0.6003746;;-5.544;0.3;5/7/2020 11:59:27 AM;00:00:02.9487070;0.002944125;1
1;67;4;WholeRoom;16;-7.620229;-6.724056;218.9168;Box24;3.155;-8.120826;-6.910455;217.6541;0.5986688;;-5.544;0.3;5/7/2020 11:59:27 AM;00:00:02.9580854;0.002962174;1
1;67;4;WholeRoom;16;-7.617767;-6.716356;217.6426;Box24;3.148;-8.115816;-6.905965;217.5225;0.3727107;;-5.544;0.3;5/7/2020 11:59:27 AM;00:00:02.9712613;0.002971792;1
1;67;4;WholeRoom;16;-7.616246;-6.708791;216.2357;Box24;3.141;-8.110685;-6.901518;217.372;0.7059368;;-5.544;0.3;5/7/2020 11:59:27 AM;00:00:02.9805502;0.002984716;1
1;67;4;WholeRoom;16;-7.615014;-6.701049;214.9865;Box24;3.134;-8.1056;-6.896918;217.234;0.530579;;-5.544;0.3;5/7/2020 11:59:27 AM;00:00:02.9900406;0.002994312;1
1;67;4;WholeRoom;16;-7.613251;-6.693348;213.8842;Box24;3.128;-8.10013;-6.891922;217.1184;0.7720466;;-5.544;0.3;5/7/2020 11:59:27 AM;00:00:02.9995998;0.003003611;1
1;67;4;WholeRoom;16;-7.612066;-6.685711;212.7466;null;0.000;-8.095068;-6.887143;217.0017;0.7486233;;-5.544;0.3;5/7/2020 11:59:27 AM;00:00:03.0090611;0.003013136;1
1;67;4;WholeRoom;16;-7.61114;-6.677535;211.4482;Box22;3.321;-8.090179;-6.881995;216.8898;0.7452735;;-6.056;0.3;5/7/2020 11:59:27 AM;00:00:03.0197796;0.003022627;1
1;67;4;WholeRoom;16;-7.610498;-6.66907;210.0871;Box22;3.313;-8.08517;-6.876737;216.8118;0.7652077;;-6.056;0.3;5/7/2020 11:59:27 AM;00:00:03.0309486;0.003033327;1
1;67;4;WholeRoom;16;-7.610044;-6.660761;208.714;Box22;3.306;-8.080271;-6.871349;216.7124;0.6806391;;-6.056;0.3;5/7/2020 11:59:27 AM;00:00:03.0422384;0.003044491;1
1;67;4;WholeRoom;16;-7.608965;-6.653043;207.5511;Box22;3.299;-8.075373;-6.865799;216.6449;0.6630479;;-6.056;0.3;5/7/2020 11:59:27 AM;00:00:03.0533466;0.003055745;1
1;67;4;WholeRoom;16;-7.608484;-6.645347;206.4378;Box22;3.292;-8.070192;-6.860092;216.5874;0.6848377;;-6.056;0.3;5/7/2020 11:59:27 AM;00:00:03.0645832;0.003066909;1
1;67;4;WholeRoom;16;-7.608215;-6.637273;205.2243;Box22;3.285;-8.065297;-6.854177;216.5646;0.687758;;-6.056;0.3;5/7/2020 11:59:27 AM;00:00:03.0759617;0.003078136;1
1;67;4;WholeRoom;16;-7.608134;-6.629109;203.7554;Box22;3.278;-8.060397;-6.848085;216.5858;0.6963332;;-6.056;0.3;5/7/2020 11:59:27 AM;00:00:03.0891947;0.003089475;1
1;67;4;WholeRoom;16;-7.608068;-6.620874;202.2875;Box9;1.382;-8.055649;-6.841908;216.6607;0.6871927;;-7.4012;0.3;5/7/2020 11:59:27 AM;00:00:03.1074650;0.00310276;1
1;67;4;WholeRoom;16;-7.609345;-6.612851;200.6272;Box9;1.374;-8.050785;-6.835662;216.7441;0.5958269;;-7.4012;0.3;5/7/2020 11:59:27 AM;00:00:03.1170262;0.003120936;1
1;67;4;WholeRoom;16;-7.614031;-6.602868;196.2647;Box9;1.366;-8.045957;-6.828955;216.9162;0.4546764;;-7.4012;0.3;5/7/2020 11:59:27 AM;00:00:03.1265152;0.0031306;1
1;67;4;WholeRoom;16;-7.603395;-6.602259;195.3026;Box9;1.364;-8.041234;-6.822164;217.1122;0.8559009;;-7.4012;0.3;5/7/2020 11:59:27 AM;00:00:03.1356468;0.003140059;1
1;67;4;WholeRoom;16;-7.58928;-6.599473;200.7477;Box9;1.359;-8.036691;-6.815182;217.3136;0.880664;;-7.4012;0.3;5/7/2020 11:59:27 AM;00:00:03.1451275;0.003149417;1
1;67;4;WholeRoom;16;-7.582389;-6.594675;205.4154;Box9;1.354;-8.03237;-6.808069;217.5385;0.8894333;;-7.4012;0.3;5/7/2020 11:59:27 AM;00:00:03.1544198;0.003158695;1
1;67;4;WholeRoom;16;-7.579764;-6.585195;206.1364;Box22;3.226;-8.027472;-6.800962;217.7647;0.930195;;-6.056;0.3;5/7/2020 11:59:27 AM;00:00:03.1650480;0.003168004;1
1;67;4;WholeRoom;16;-7.581964;-6.574706;204.3648;Box22;3.218;-8.022802;-6.793773;218.0268;0.9208845;;-6.056;0.3;5/7/2020 11:59:27 AM;00:00:03.1762746;0.003178566;1
1;67;4;WholeRoom;16;-7.581386;-6.566683;202.6444;Box9;1.328;-8.018274;-6.7865;218.2142;0.8112347;;-7.4012;0.3;5/7/2020 11:59:27 AM;00:00:03.1873272;0.003189813;1
1;67;4;WholeRoom;16;-7.578446;-6.561137;201.3289;Box9;1.323;-8.013543;-6.778864;218.4878;0.7986412;;-7.4012;0.3;5/7/2020 11:59:27 AM;00:00:03.2002440;0.003200877;1
1;67;4;WholeRoom;16;-7.579701;-6.557933;199.6322;Box9;1.320;-8.0091;-6.771285;218.8561;0.7940325;;-7.4012;0.3;5/7/2020 11:59:27 AM;00:00:03.2097040;0.003213819;1
1;67;4;WholeRoom;16;-7.57633;-6.552433;198.4256;Box9;1.314;-8.00486;-6.763815;219.1915;0.6636706;;-7.4012;0.3;5/7/2020 11:59:27 AM;00:00:03.2209451;0.003223223;1
1;67;4;WholeRoom;16;-7.572648;-6.543529;197.5315;Box9;1.306;-8.000618;-6.756093;219.5883;0.936949;;-7.4012;0.3;5/7/2020 11:59:27 AM;00:00:03.2320397;0.003234505;1
1;67;4;WholeRoom;16;-7.568675;-6.538093;196.9446;Box9;1.300;-7.996526;-6.748493;219.92;0.7650422;;-7.4012;0.3;5/7/2020 11:59:27 AM;00:00:03.2434313;0.003245581;1
1;67;4;WholeRoom;16;-7.565213;-6.531271;197.2616;Box9;1.294;-7.993197;-6.740736;220.2246;0.7620614;;-7.4012;0.3;5/7/2020 11:59:27 AM;00:00:03.2610157;0.003256992;1
1;67;4;WholeRoom;16;-7.559961;-6.525901;197.8002;Box9;1.288;-7.989095;-6.732877;220.5024;0.7768989;;-7.4012;0.3;5/7/2020 11:59:27 AM;00:00:03.2697336;0.00327447;1
1;67;4;WholeRoom;16;-7.554002;-6.520937;199.0616;Box9;1.283;-7.985408;-6.725098;220.7083;0.4925392;;-7.4012;0.3;5/7/2020 11:59:27 AM;00:00:03.2786640;0.003283501;1
1;67;4;WholeRoom;16;-7.549331;-6.514968;199.8895;Box9;1.277;-7.982084;-6.71729;220.9285;0.9396962;;-7.4012;0.3;5/7/2020 11:59:27 AM;00:00:03.2878153;0.003292254;1
1;67;4;WholeRoom;16;-7.545606;-6.508842;199.9005;Box9;1.271;-7.978028;-6.709078;221.2514;1.046396;;-7.4012;0.3;5/7/2020 11:59:27 AM;00:00:03.2990615;0.003301356;1
1;67;4;WholeRoom;16;-7.542433;-6.501702;198.9561;Box9;1.264;-7.974476;-6.701162;221.5722;0.9532142;;-7.4012;0.3;5/7/2020 11:59:27 AM;00:00:03.3115080;0.003312602;1
1;67;4;WholeRoom;16;-7.539096;-6.495121;197.9258;Box9;1.257;-7.971644;-6.692894;221.8447;0.7772089;;-7.4012;0.3;5/7/2020 11:59:27 AM;00:00:03.3214179;0.003325096;1
1;67;4;WholeRoom;16;-7.536648;-6.488307;195.8987;Box9;1.251;-7.96776;-6.684624;222.0946;0.7312658;;-7.4012;0.3;5/7/2020 11:59:27 AM;00:00:03.3325637;0.003334946;1
1;67;4;WholeRoom;16;-7.534612;-6.482187;193.9713;Box9;1.245;-7.964109;-6.676338;222.3337;0.9191985;;-7.4012;0.3;5/7/2020 11:59:27 AM;00:00:03.3437773;0.003346101;1
1;67;4;WholeRoom;16;-7.532181;-6.476615;192.6384;Box9;1.240;-7.96079;-6.66803;222.5926;0.802081;;-7.4012;0.3;5/7/2020 11:59:27 AM;00:00:03.3549053;0.00335733;1
1;67;4;WholeRoom;16;-7.529694;-6.471909;191.3431;Box9;1.235;-7.956334;-6.659848;222.8803;0.8296745;;-7.4012;0.3;5/7/2020 11:59:27 AM;00:00:03.3660914;0.003368424;1
1;67;4;WholeRoom;16;-7.527014;-6.467469;190.6513;Box9;1.231;-7.952427;-6.652046;223.2581;0.786442;;-7.4012;0.3;5/7/2020 11:59:27 AM;00:00:03.3772732;0.003379649;1
1;67;4;WholeRoom;16;-7.524199;-6.463263;190.2301;Box9;1.227;-7.948674;-6.64434;223.6538;0.7636756;;-7.4012;0.3;5/7/2020 11:59:27 AM;00:00:03.3883965;0.003390819;1
1;67;4;WholeRoom;16;-7.521193;-6.458777;190.4453;Box9;1.223;-7.945182;-6.636612;224.0743;0.7591845;;-7.4012;0.3;5/7/2020 11:59:28 AM;00:00:03.3997555;0.003401971;1
1;67;4;WholeRoom;16;-7.518605;-6.454152;190.4186;Box9;1.218;-7.941417;-6.629217;224.5139;0.7441521;;-7.4012;0.3;5/7/2020 11:59:28 AM;00:00:03.4108563;0.0034133;1
1;67;4;WholeRoom;16;-7.515079;-6.449095;190.1984;Box9;1.213;-7.938002;-6.621651;224.9664;0.7326762;;-7.4012;0.3;5/7/2020 11:59:28 AM;00:00:03.4235775;0.003424361;1
1;67;4;WholeRoom;16;-7.512598;-6.445175;190.1673;Box9;1.209;-7.933679;-6.614281;225.5045;0.7724948;;-7.4012;0.3;5/7/2020 11:59:28 AM;00:00:03.4331052;0.00343716;1
1;67;4;WholeRoom;16;-7.508984;-6.441074;190.1077;Box9;1.205;-7.929623;-6.607051;226.0299;0.6477126;;-7.4012;0.3;5/7/2020 11:59:28 AM;00:00:03.4442802;0.003446664;1
1;67;4;WholeRoom;16;-7.502022;-6.436187;190.8423;Box9;1.200;-7.925588;-6.59967;226.5929;0.8849556;;-7.4012;0.3;5/7/2020 11:59:28 AM;00:00:03.4554458;0.003457855;1
1;67;4;WholeRoom;16;-7.494712;-6.432217;192.7684;Box9;1.196;-7.920723;-6.592445;227.1645;0.7784097;;-7.4012;0.3;5/7/2020 11:59:28 AM;00:00:03.4666155;0.003468995;1
1;67;4;WholeRoom;16;-7.488606;-6.428291;194.103;Box9;1.192;-7.916551;-6.585375;227.6345;0.7368442;;-7.4012;0.3;5/7/2020 11:59:28 AM;00:00:03.4778553;0.003480129;1
1;67;4;WholeRoom;16;-7.481333;-6.423535;195.3597;Box9;1.187;-7.912444;-6.578425;228.0538;0.7251476;;-7.4012;0.3;5/7/2020 11:59:28 AM;00:00:03.4889326;0.003491419;1
1;67;4;WholeRoom;16;-7.476616;-6.419454;195.5179;Box9;1.183;-7.907663;-6.571363;228.5249;0.7553249;;-7.4012;0.3;5/7/2020 11:59:28 AM;00:00:03.5002013;0.003502473;1
1;67;4;WholeRoom;16;-7.47285;-6.415874;194.5972;Box9;1.180;-7.903054;-6.564708;228.9889;0.7323253;;-7.4012;0.3;5/7/2020 11:59:28 AM;00:00:03.5112965;0.003513727;1
1;67;4;WholeRoom;16;-7.467723;-6.411898;193.7571;Box9;1.176;-7.897904;-6.558286;229.4123;0.7314802;;-7.4012;0.3;5/7/2020 11:59:28 AM;00:00:03.5224698;0.003524832;1
1;67;4;WholeRoom;16;-7.463755;-6.408741;192.4076;Box9;1.173;-7.89266;-6.551678;229.8273;0.7596344;;-7.4012;0.3;5/7/2020 11:59:28 AM;00:00:03.5360933;0.003536021;1
1;67;4;WholeRoom;16;-7.458801;-6.405992;191.6087;Box9;1.170;-7.888015;-6.545327;230.2315;0.7032571;;-7.4012;0.3;5/7/2020 11:59:28 AM;00:00:03.5459166;0.003549647;1
1;67;4;WholeRoom;16;-7.452167;-6.403622;191.7941;Box9;1.168;-7.883378;-6.53939;230.5202;0.5528733;;-7.4012;0.3;5/7/2020 11:59:28 AM;00:00:03.5568286;0.003559498;1
1;67;4;WholeRoom;16;-7.444989;-6.401976;192.6521;Box9;1.166;-7.878778;-6.533464;230.8361;0.7615196;;-7.4012;0.3;5/7/2020 11:59:28 AM;00:00:03.5681252;0.00357039;1
1;67;4;WholeRoom;16;-7.437576;-6.400476;193.9269;Box9;1.164;-7.874393;-6.52802;231.1047;0.6417775;;-7.4012;0.3;5/7/2020 11:59:28 AM;00:00:03.5791249;0.003581626;1
1;67;4;WholeRoom;16;-7.431124;-6.398896;194.981;Box9;1.163;-7.87013;-6.522557;231.3235;0.6167302;;-7.4012;0.3;5/7/2020 11:59:28 AM;00:00:03.5902722;0.003592628;1
1;67;4;WholeRoom;16;-7.424457;-6.397339;195.6908;Box9;1.161;-7.865597;-6.517353;231.5445;0.6272641;;-7.4012;0.3;5/7/2020 11:59:28 AM;00:00:03.6014199;0.00360378;1
1;67;4;WholeRoom;16;-7.417266;-6.396245;196.3393;Box9;1.160;-7.861715;-6.512456;231.7919;0.5603547;;-7.4012;0.3;5/7/2020 11:59:28 AM;00:00:03.6126143;0.003614932;1
1;67;4;WholeRoom;16;-7.41041;-6.39547;197.0175;Box9;1.159;-7.857268;-6.507672;231.9259;0.5857232;;-7.4012;0.3;5/7/2020 11:59:28 AM;00:00:03.6239568;0.003626177;1
1;67;4;WholeRoom;16;-7.401849;-6.395156;198.0881;Box9;1.159;-7.852593;-6.502833;232.0852;0.5983139;;-7.4012;0.3;5/7/2020 11:59:28 AM;00:00:03.6375673;0.003637488;1
1;67;4;WholeRoom;16;-7.393681;-6.394452;198.9693;Box9;1.158;-7.84797;-6.498038;232.2388;0.5888922;;-7.4012;0.3;5/7/2020 11:59:28 AM;00:00:03.6471380;0.003651047;1
1;67;4;WholeRoom;16;-7.387437;-6.394314;199.7304;Box9;1.158;-7.843428;-6.493227;232.3373;0.4879475;;-7.4012;0.3;5/7/2020 11:59:28 AM;00:00:03.6582203;0.003660914;1
1;67;4;WholeRoom;16;-7.379223;-6.394088;200.522;Box9;1.158;-7.838641;-6.488965;232.3248;0.6495909;;-7.4012;0.3;5/7/2020 11:59:28 AM;00:00:03.6695031;0.003671753;1
1;67;4;WholeRoom;16;-7.37069;-6.394266;201.4565;Box22;2.963;-7.834686;-6.485069;232.3471;0.512126;;-6.056;0.3;5/7/2020 11:59:28 AM;00:00:03.6809003;0.003683066;1
1;67;4;WholeRoom;16;-7.364127;-6.395592;202.5875;Box22;2.962;-7.829817;-6.480826;232.3317;0.5709139;;-6.056;0.3;5/7/2020 11:59:28 AM;00:00:03.6924420;0.003694433;1
1;67;4;WholeRoom;16;-7.355118;-6.396215;203.814;Box22;2.958;-7.825305;-6.476677;232.3703;0.5391943;;-6.056;0.3;5/7/2020 11:59:28 AM;00:00:03.7036775;0.003705953;1
1;67;4;WholeRoom;16;-7.345695;-6.397192;205.1905;Box22;2.955;-7.820575;-6.472778;232.3761;0.5321354;;-6.056;0.3;5/7/2020 11:59:28 AM;00:00:03.7151912;0.003717217;1
1;67;4;WholeRoom;16;-7.338735;-6.398664;206.6405;Box22;2.953;-7.81553;-6.46877;232.3621;0.5720122;;-6.056;0.3;5/7/2020 11:59:28 AM;00:00:03.7340500;0.003728749;1
1;67;4;WholeRoom;16;-7.329735;-6.399362;208.015;Box22;2.950;-7.810515;-6.464952;232.3855;0.5466061;;-6.056;0.3;5/7/2020 11:59:28 AM;00:00:03.7475798;0.003747417;1
1;67;4;WholeRoom;16;-7.321037;-6.39954;209.1757;Box22;2.946;-7.805394;-6.460992;232.4315;0.3467446;;-6.056;0.3;5/7/2020 11:59:28 AM;00:00:03.7572508;0.003761151;1
1;67;4;WholeRoom;16;-7.304864;-6.401743;211.2628;Box22;2.941;-7.794312;-6.453463;232.6224;0.975615;;-6.056;0.3;5/7/2020 11:59:28 AM;00:00:03.7681993;0.003770843;1
1;67;4;WholeRoom;16;-7.29329;-6.406158;214.4606;Box22;2.940;-7.789324;-6.450013;232.7033;0.6256905;;-6.056;0.3;5/7/2020 11:59:28 AM;00:00:03.7794086;0.003781758;1
1;67;4;WholeRoom;16;-7.294699;-6.397881;213.4;Box24;2.702;-7.783639;-6.446291;232.7729;0.6224732;;-5.544;0.3;5/7/2020 11:59:28 AM;00:00:03.7905323;0.003792952;1
1;67;4;WholeRoom;16;-7.291782;-6.391807;209.2504;null;0.000;-7.77811;-6.442983;232.8522;0.5756188;;-5.544;0.3;5/7/2020 11:59:28 AM;00:00:03.8017297;0.003804065;1
1;67;4;WholeRoom;16;-7.283884;-6.391307;207.9284;Box22;2.923;-7.772475;-6.439727;232.9154;0.5856492;;-6.056;0.3;5/7/2020 11:59:28 AM;00:00:03.8128665;0.003815264;1
1;67;4;WholeRoom;16;-7.272717;-6.396229;209.2065;Box22;2.923;-7.766354;-6.43667;232.9582;0.6109341;;-6.056;0.3;5/7/2020 11:59:28 AM;00:00:03.8240747;0.003826429;1
1;67;4;WholeRoom;16;-7.260988;-6.400329;212.606;Box22;2.922;-7.760246;-6.433968;232.9963;0.5982195;;-6.056;0.3;5/7/2020 11:59:28 AM;00:00:03.8352122;0.003837608;1
1;67;4;WholeRoom;16;-7.251889;-6.401071;215.1938;null;0.000;-7.754231;-6.431001;233.0136;0.5998849;;-6.056;0.3;5/7/2020 11:59:28 AM;00:00:03.8489542;0.003848743;1
1;67;4;WholeRoom;16;-7.245366;-6.401057;216.1915;Box24;2.672;-7.74813;-6.42802;232.9806;0.6098262;;-5.544;0.3;5/7/2020 11:59:28 AM;00:00:03.8586662;0.003862398;1
1;67;4;WholeRoom;16;-7.236952;-6.4007;217.0426;Box24;2.667;-7.741848;-6.425344;232.9557;0.5001021;;-5.544;0.3;5/7/2020 11:59:28 AM;00:00:03.8688802;0.003872417;1
1;67;4;WholeRoom;16;-7.226088;-6.403729;218.9568;Box24;2.662;-7.735582;-6.422702;232.9369;0.6786795;;-5.544;0.3;5/7/2020 11:59:28 AM;00:00:03.8874141;0.003882449;1
1;67;4;WholeRoom;16;-7.214673;-6.407803;222.5021;Box24;2.658;-7.729359;-6.420398;232.8913;0.6615383;;-5.544;0.3;5/7/2020 11:59:28 AM;00:00:03.8974172;0.003900811;1
1;67;4;WholeRoom;16;-7.207251;-6.405259;224.5545;Box24;2.651;-7.723204;-6.41826;232.8178;0.354857;;-5.544;0.3;5/7/2020 11:59:28 AM;00:00:03.9073280;0.003910966;1
1;67;4;WholeRoom;16;-7.201029;-6.40211;223.7206;Box24;2.645;-7.717002;-6.416193;232.7142;0.6436576;;-5.544;0.3;5/7/2020 11:59:28 AM;00:00:03.9172317;0.003920869;1
1;67;4;WholeRoom;16;-7.192691;-6.401168;222.7083;Box24;2.639;-7.710733;-6.41396;232.6252;0.6719953;;-5.544;0.3;5/7/2020 11:59:28 AM;00:00:03.9274825;0.003930808;1
1;67;4;WholeRoom;16;-7.185274;-6.400585;221.0682;Box24;2.634;-7.704067;-6.412081;232.5164;0.6969249;;-5.544;0.3;5/7/2020 11:59:28 AM;00:00:03.9370404;0.003941043;1
1;67;4;WholeRoom;16;-7.177554;-6.400547;220.0736;Box24;2.629;-7.697709;-6.410285;232.4015;0.6454738;;-5.544;0.3;5/7/2020 11:59:28 AM;00:00:03.9505901;0.00395081;1
1;67;4;WholeRoom;16;-7.169358;-6.400278;219.9541;Box24;2.624;-7.691211;-6.408382;232.2854;0.6932963;;-5.544;0.3;5/7/2020 11:59:28 AM;00:00:03.9606924;0.003964065;1
1;67;4;WholeRoom;16;-7.161081;-6.40056;220.2389;Box24;2.619;-7.684528;-6.406704;232.1785;0.5198188;;-5.544;0.3;5/7/2020 11:59:28 AM;00:00:03.9702004;0.003974272;1
1;67;4;WholeRoom;16;-7.152647;-6.400893;220.9734;Box24;2.614;-7.677628;-6.405178;232.095;0.6922925;;-5.544;0.3;5/7/2020 11:59:28 AM;00:00:03.9804314;0.003983939;1
1;67;4;WholeRoom;16;-7.143138;-6.401378;222.5404;Box24;2.609;-7.67066;-6.403795;232.0287;0.7349579;;-5.544;0.3;5/7/2020 11:59:28 AM;00:00:03.9915895;0.003993975;1
1;67;4;WholeRoom;16;-7.134274;-6.40172;224.3992;Box24;2.603;-7.663886;-6.402393;231.9972;0.689194;;-5.544;0.3;5/7/2020 11:59:28 AM;00:00:04.0027801;0.004005126;1
1;67;4;WholeRoom;16;-7.125747;-6.401948;225.9313;Box24;2.598;-7.656662;-6.401114;231.9465;0.6579629;;-5.544;0.3;5/7/2020 11:59:28 AM;00:00:04.0140224;0.004016342;1
1;67;4;WholeRoom;16;-7.11762;-6.401325;226.9747;null;0.000;-7.649483;-6.400002;231.8419;0.647646;;-5.544;0.3;5/7/2020 11:59:28 AM;00:00:04.0253384;0.004027537;1
1;67;4;WholeRoom;16;-7.109868;-6.401321;227.8199;null;0.000;-7.642338;-6.39885;231.7369;0.6465263;;-5.544;0.3;5/7/2020 11:59:28 AM;00:00:04.0443911;0.004038858;1
1;67;4;WholeRoom;16;-7.10269;-6.400174;227.9716;null;0.000;-7.635056;-6.397747;231.6117;0.6505352;;-5.544;0.3;5/7/2020 11:59:28 AM;00:00:04.0574336;0.004057862;1
1;67;4;WholeRoom;16;-7.094703;-6.399401;228.12;null;0.000;-7.627704;-6.3969;231.4793;0.3894084;;-5.544;0.3;5/7/2020 11:59:28 AM;00:00:04.0668755;0.004070994;1
1;67;4;WholeRoom;16;-7.079347;-6.39684;228.2044;null;0.000;-7.613234;-6.394883;231.1642;1.11255;;-5.544;0.3;5/7/2020 11:59:28 AM;00:00:04.0762388;0.004080414;1
1;67;4;WholeRoom;16;-7.079347;-6.39684;228.2044;null;0.000;-7.613234;-6.394883;231.1642;0;;-5.544;0.3;5/7/2020 11:59:28 AM;00:00:04.0857400;0.004089789;1
1;67;4;WholeRoom;16;-7.07196;-6.396223;228.5979;null;0.000;-7.605907;-6.39363;230.9769;0.7929371;;-5.544;0.3;5/7/2020 11:59:28 AM;00:00:04.0957275;0.004099289;1
1;67;4;WholeRoom;16;-7.064947;-6.395793;229.2184;null;0.000;-7.59784;-6.392179;230.7849;0.8626767;;-5.544;0.3;5/7/2020 11:59:28 AM;00:00:04.1055869;0.004109269;1
1;67;4;WholeRoom;16;-7.057961;-6.395924;229.9914;null;0.000;-7.589571;-6.39045;230.7137;0.8465617;;-5.544;0.3;5/7/2020 11:59:28 AM;00:00:04.1155148;0.004119168;1
1;67;4;WholeRoom;16;-7.048797;-6.394297;230.7846;null;0.000;-7.581509;-6.388754;230.8154;0.8322736;;-5.544;0.3;5/7/2020 11:59:28 AM;00:00:04.1256478;0.004129081;1
1;67;4;WholeRoom;16;-7.042527;-6.393579;231.4013;null;0.000;-7.573674;-6.387177;231.0863;0.8062342;;-5.544;0.3;5/7/2020 11:59:28 AM;00:00:04.1399107;0.004139394;1
1;67;4;WholeRoom;16;-7.036695;-6.392311;231.5131;null;0.000;-7.565805;-6.385641;231.2984;0.7774025;;-5.544;0.3;5/7/2020 11:59:28 AM;00:00:04.1509945;0.004153359;1
1;67;4;WholeRoom;16;-7.029268;-6.389231;231.4119;null;0.000;-7.557951;-6.384304;231.5775;0.570484;;-5.544;0.3;5/7/2020 11:59:28 AM;00:00:04.1620610;0.00416457;1
1;67;4;WholeRoom;16;-7.023265;-6.387641;231.5252;null;0.000;-7.550478;-6.383225;231.7986;0.6735081;;-5.544;0.3;5/7/2020 11:59:28 AM;00:00:04.1734967;0.004175655;1
1;67;4;WholeRoom;16;-7.017391;-6.385983;231.6776;null;0.000;-7.542712;-6.382414;231.9568;0.7043936;;-5.544;0.3;5/7/2020 11:59:28 AM;00:00:04.1852618;0.004186896;1
1;67;4;WholeRoom;16;-7.008769;-6.382335;231.9135;null;0.000;-7.535561;-6.381427;232.0687;0.6421425;;-5.544;0.3;5/7/2020 11:59:28 AM;00:00:04.1962873;0.004198842;1
1;67;4;WholeRoom;16;-7.003129;-6.38024;232.1982;null;0.000;-7.527902;-6.380643;232.1458;0.6444853;;-5.544;0.3;5/7/2020 11:59:28 AM;00:00:04.2069148;0.004209858;1
1;67;4;WholeRoom;16;-6.997741;-6.378105;232.4339;null;0.000;-7.521213;-6.380284;232.1032;0.6081082;;-5.544;0.3;5/7/2020 11:59:28 AM;00:00:04.2169788;0.004220481;1
1;67;4;WholeRoom;16;-6.989559;-6.374247;232.5378;null;0.000;-7.514868;-6.379852;231.9498;0.5987004;;-5.544;0.3;5/7/2020 11:59:28 AM;00:00:04.2306460;0.004230559;1
1;67;4;WholeRoom;16;-6.985034;-6.370833;232.2441;null;0.000;-7.508214;-6.37959;231.723;0.6607054;;-5.544;0.3;5/7/2020 11:59:28 AM;00:00:04.2406959;0.004244165;1
1;67;4;WholeRoom;16;-6.980659;-6.36729;231.6141;null;0.000;-7.502075;-6.379399;231.456;0.4514546;;-5.544;0.3;5/7/2020 11:59:28 AM;00:00:04.2507642;0.004254246;1
1;67;4;WholeRoom;16;-6.973179;-6.362297;230.9083;null;0.000;-7.496166;-6.378812;231.2192;0.5890911;;-5.544;0.3;5/7/2020 11:59:28 AM;00:00:04.2608191;0.004264348;1
1;67;4;WholeRoom;16;-6.968307;-6.359208;230.4749;null;0.000;-7.48989;-6.37825;231.0266;0.6237124;;-5.544;0.3;5/7/2020 11:59:28 AM;00:00:04.2708944;0.004274403;1
1;67;4;WholeRoom;16;-6.963273;-6.356207;230.3627;null;0.000;-7.483995;-6.377887;230.7794;0.5874017;;-5.544;0.3;5/7/2020 11:59:28 AM;00:00:04.2820233;0.004284456;1
1;67;4;WholeRoom;16;-6.956537;-6.351265;230.6242;null;0.000;-7.478333;-6.377577;230.5215;0.5640852;;-5.544;0.3;5/7/2020 11:59:28 AM;00:00:04.2933473;0.004295582;1
1;67;4;WholeRoom;16;-6.951443;-6.347961;230.7751;null;0.000;-7.472668;-6.377009;230.2845;0.5116528;;-5.544;0.3;5/7/2020 11:59:28 AM;00:00:04.3043759;0.004306883;1
1;67;4;WholeRoom;16;-6.946702;-6.34449;230.7653;null;0.000;-7.46697;-6.376388;230.0394;0.5071634;;-5.544;0.3;5/7/2020 11:59:28 AM;00:00:04.3179018;0.004317899;1
1;67;4;WholeRoom;16;-6.939746;-6.338695;230.3194;null;0.000;-7.461945;-6.375554;229.7537;0.4624417;;-5.544;0.3;5/7/2020 11:59:28 AM;00:00:04.3269333;0.004331485;1
1;67;4;WholeRoom;16;-6.935413;-6.334548;229.7435;null;0.000;-7.456407;-6.374904;229.512;0.4104448;;-5.544;0.3;5/7/2020 11:59:28 AM;00:00:04.3380292;0.00434049;1
1;67;4;WholeRoom;16;-6.931717;-6.329808;228.7359;null;0.000;-7.451622;-6.37425;229.2707;0.5362858;;-5.544;0.3;5/7/2020 11:59:28 AM;00:00:04.3490999;0.004351586;1
1;67;4;WholeRoom;16;-6.927686;-6.324412;227.7971;null;0.000;-7.446676;-6.373475;229.0625;0.4511558;;-5.544;0.3;5/7/2020 11:59:28 AM;00:00:04.3604095;0.004362646;1
1;67;4;WholeRoom;16;-6.924725;-6.319153;226.8715;null;0.000;-7.44134;-6.372816;228.8793;0.4861229;;-5.544;0.3;5/7/2020 11:59:28 AM;00:00:04.3713802;0.004373905;1
1;67;4;WholeRoom;16;-6.92217;-6.313991;225.8584;null;0.000;-7.436496;-6.371981;228.7428;0.4366327;;-5.544;0.3;5/7/2020 11:59:28 AM;00:00:04.3825868;0.004384954;1
1;67;4;WholeRoom;16;-6.91879;-6.308076;224.803;null;0.000;-7.43155;-6.371062;228.6815;0.4552935;;-5.544;0.3;5/7/2020 11:59:29 AM;00:00:04.3938409;0.004396135;1
1;67;4;WholeRoom;16;-6.917147;-6.301992;223.4485;null;0.000;-7.426852;-6.370151;228.6701;0.4279523;;-5.544;0.3;5/7/2020 11:59:29 AM;00:00:04.4063821;0.004407375;1
1;67;4;WholeRoom;16;-6.915376;-6.294879;222.0655;null;0.000;-7.421883;-6.369185;228.6555;0.4504236;;-5.544;0.3;5/7/2020 11:59:29 AM;00:00:04.4160852;0.004419945;1
1;67;4;WholeRoom;16;-6.914221;-6.288357;220.7108;Box24;2.385;-7.417047;-6.367953;228.6429;0.3969769;;-5.544;0.3;5/7/2020 11:59:29 AM;00:00:04.4273807;0.004429628;1
1;67;4;WholeRoom;16;-6.913229;-6.28199;219.3334;Box24;2.379;-7.412072;-6.366973;228.624;0.5236371;;-5.544;0.3;5/7/2020 11:59:29 AM;00:00:04.4384272;0.004440878;1
1;67;4;WholeRoom;16;-6.912399;-6.275978;218.1094;Box24;2.374;-7.40742;-6.365914;228.6491;0.4241403;;-5.544;0.3;5/7/2020 11:59:29 AM;00:00:04.4495628;0.004451971;1
1;67;4;WholeRoom;16;-6.911099;-6.269625;216.9388;Box24;2.368;-7.402602;-6.364707;228.6131;0.4477824;;-5.544;0.3;5/7/2020 11:59:29 AM;00:00:04.4609463;0.004463143;1
1;67;4;WholeRoom;16;-6.910187;-6.263112;215.8515;Box24;2.362;-7.398175;-6.363642;228.5493;0.4074882;;-5.544;0.3;5/7/2020 11:59:29 AM;00:00:04.4719038;0.004474469;1
1;67;4;WholeRoom;16;-6.908816;-6.255808;214.8598;Box24;2.356;-7.39368;-6.362472;228.449;0.4101588;;-5.544;0.3;5/7/2020 11:59:29 AM;00:00:04.4831098;0.004485443;1
1;67;4;WholeRoom;16;-6.908251;-6.249323;213.9009;Box24;2.350;-7.389175;-6.361105;228.3447;0.4289477;;-5.544;0.3;5/7/2020 11:59:29 AM;00:00:04.4963359;0.004496674;1
1;67;4;WholeRoom;16;-6.907666;-6.242775;212.8702;Box24;2.345;-7.384595;-6.359814;228.2463;0.4236692;;-5.544;0.3;5/7/2020 11:59:29 AM;00:00:04.5142803;0.00450992;1
1;67;4;WholeRoom;16;-6.907011;-6.235296;211.8462;Box24;2.339;-7.380055;-6.358209;228.1401;0.3635568;;-5.544;0.3;5/7/2020 11:59:29 AM;00:00:04.5233637;0.004527869;1
1;67;4;WholeRoom;16;-6.906181;-6.227493;210.6929;Box24;2.332;-7.375644;-6.356572;228.0301;0.2621266;;-5.544;0.3;5/7/2020 11:59:29 AM;00:00:04.5326437;0.00453693;1
1;67;4;WholeRoom;16;-6.90653;-6.220532;209.211;Box24;2.327;-7.371296;-6.354591;227.9284;0.5273058;;-5.544;0.3;5/7/2020 11:59:29 AM;00:00:04.5431734;0.004546188;1
1;67;4;WholeRoom;16;-6.905341;-6.212217;207.897;Box24;2.320;-7.367123;-6.352663;227.8074;0.4965543;;-5.544;0.3;5/7/2020 11:59:29 AM;00:00:04.5533154;0.004556729;1
1;67;4;WholeRoom;16;-6.905381;-6.205825;206.8129;null;0.000;-7.362661;-6.350617;227.7061;0.4656175;;-5.544;0.3;5/7/2020 11:59:29 AM;00:00:04.5636438;0.004566896;1
1;67;4;WholeRoom;16;-6.90546;-6.199537;205.7309;Box22;2.607;-7.358016;-6.348182;227.6254;0.5159203;;-6.056;0.3;5/7/2020 11:59:29 AM;00:00:04.5747038;0.00457721;1
1;67;4;WholeRoom;16;-6.905394;-6.192625;204.6207;Box22;2.601;-7.353738;-6.345984;227.5551;0.4662863;;-6.056;0.3;5/7/2020 11:59:29 AM;00:00:04.5887784;0.004588265;1
1;67;4;WholeRoom;16;-6.906564;-6.186587;203.2791;Box22;2.595;-7.349181;-6.343385;227.5516;0.4745536;;-6.056;0.3;5/7/2020 11:59:29 AM;00:00:04.5989311;0.004602315;1
1;67;4;WholeRoom;16;-6.907616;-6.180358;201.9508;Box22;2.590;-7.345017;-6.340951;227.5339;0.3432985;;-6.056;0.3;5/7/2020 11:59:29 AM;00:00:04.6090578;0.004612465;1
1;67;4;WholeRoom;16;-6.908404;-6.173978;200.5739;Box22;2.584;-7.340258;-6.338038;227.5509;0.5497501;;-6.056;0.3;5/7/2020 11:59:29 AM;00:00:04.6191816;0.004622599;1
1;67;4;WholeRoom;16;-6.90922;-6.167042;199.0598;Box22;2.578;-7.33607;-6.334958;227.5921;0.5129697;;-6.056;0.3;5/7/2020 11:59:29 AM;00:00:04.6295620;0.004632765;1
1;67;4;WholeRoom;16;-6.910137;-6.160734;197.6575;Box22;2.573;-7.331625;-6.332025;227.6119;0.5238916;;-6.056;0.3;5/7/2020 11:59:29 AM;00:00:04.6395855;0.004643119;1
1;67;4;WholeRoom;16;-6.910172;-6.15372;196.3414;Box22;2.566;-7.415454;-6.282012;228.8866;9.428206;;-6.056;0.3;5/7/2020 11:59:29 AM;00:00:04.6508663;0.004653167;1
1;67;4;WholeRoom;16;-6.912951;-6.14903;195.0969;Box22;2.563;-7.410944;-6.278667;228.9918;0.5588025;;-6.056;0.3;5/7/2020 11:59:29 AM;00:00:04.6739460;0.004664418;1
1;67;4;WholeRoom;16;-6.915957;-6.143503;193.6376;Box22;2.559;-7.406365;-6.275555;229.0615;0.4920756;;-6.056;0.3;5/7/2020 11:59:29 AM;00:00:04.6842143;0.004687414;1
1;67;4;WholeRoom;16;-6.905848;-6.13679;190.9381;Box22;2.549;-7.397526;-6.268809;229.2556;0.4835458;;-6.056;0.3;5/7/2020 11:59:29 AM;00:00:04.6954713;0.004697754;1
1;67;4;WholeRoom;16;-6.898352;-6.134448;195.0714;null;0.000;-7.392571;-6.265081;229.3577;0.5996718;;-6.056;0.3;5/7/2020 11:59:29 AM;00:00:04.7064810;0.004708971;1
1;67;4;WholeRoom;16;-6.897768;-6.12864;196.9161;Box22;2.539;-7.38852;-6.261425;229.4714;0.4864933;;-6.056;0.3;5/7/2020 11:59:29 AM;00:00:04.7176980;0.004720053;1
1;67;4;WholeRoom;16;-6.899257;-6.120907;195.7843;Box22;2.532;-7.384349;-6.257724;229.5276;0.5030976;;-6.056;0.3;5/7/2020 11:59:29 AM;00:00:04.7288707;0.00473125;1
1;67;4;WholeRoom;16;-6.901463;-6.114766;193.0897;Box22;2.527;-7.379998;-6.254227;229.514;0.4986058;;-6.056;0.3;5/7/2020 11:59:29 AM;00:00:04.7400398;0.004742406;1
1;67;4;WholeRoom;16;-6.906972;-6.112585;190.8702;Box22;2.527;-7.375685;-6.250103;229.5521;0.5348916;;-6.056;0.3;5/7/2020 11:59:29 AM;00:00:04.7511816;0.004753595;1
1;67;4;WholeRoom;16;-6.90596;-6.108102;189.6974;null;0.000;-7.371508;-6.2463;229.6311;0.5048191;;-6.056;0.3;5/7/2020 11:59:29 AM;00:00:04.7648992;0.004764699;1
1;67;4;WholeRoom;16;-6.905714;-6.103391;188.3664;null;0.000;-7.366984;-6.242188;229.7546;0.5505415;;-6.056;0.3;5/7/2020 11:59:29 AM;00:00:04.7750677;0.004778482;1
1;67;4;WholeRoom;16;-6.909031;-6.09778;185.0685;null;0.000;-7.363234;-6.238324;229.8637;0.3906821;;-6.056;0.3;5/7/2020 11:59:29 AM;00:00:04.7851372;0.004788585;1
1;67;4;WholeRoom;16;-6.91424;-6.096273;183.0691;null;0.000;-7.359486;-6.234282;229.9522;0.54557;;-6.056;0.3;5/7/2020 11:59:29 AM;00:00:04.7958946;0.004798695;1
1;67;4;WholeRoom;16;-6.910445;-6.091313;182.7053;null;0.000;-7.355585;-6.23013;230.0063;0.5635716;;-6.056;0.3;5/7/2020 11:59:29 AM;00:00:04.8071808;0.00480943;1
1;67;4;WholeRoom;16;-6.9076;-6.085663;183.3709;null;0.000;-7.351822;-6.226039;230.0549;0.5177646;;-6.056;0.3;5/7/2020 11:59:29 AM;00:00:04.8260284;0.004820726;1
1;67;4;WholeRoom;16;-6.909204;-6.08305;183.483;null;0.000;-7.34829;-6.22206;230.0951;0.4710264;;-6.056;0.3;5/7/2020 11:59:29 AM;00:00:04.8363440;0.004839604;1
1;67;4;WholeRoom;16;-6.907039;-6.07828;183.7121;null;0.000;-7.343914;-6.217274;230.0749;0.3435348;;-6.056;0.3;5/7/2020 11:59:29 AM;00:00:04.8503407;0.004849928;1
1;67;4;WholeRoom;16;-6.907306;-6.072885;183.3794;null;0.000;-7.340405;-6.213172;229.958;0.5228139;;-6.056;0.3;5/7/2020 11:59:29 AM;00:00:04.8607973;0.004863823;1
1;67;4;WholeRoom;16;-6.905968;-6.06755;183.0139;null;0.000;-7.33684;-6.209053;229.9151;0.3920839;;-6.056;0.3;5/7/2020 11:59:29 AM;00:00:04.8709286;0.004874322;1
1;67;4;WholeRoom;16;-6.90517;-6.062246;182.2471;null;0.000;-7.332399;-6.204044;229.9056;0.637552;;-6.056;0.3;5/7/2020 11:59:29 AM;00:00:04.8810606;0.004884495;1
1;67;4;WholeRoom;16;-6.903681;-6.055637;180.6479;null;0.000;-7.328628;-6.199522;229.9042;0.5787981;;-6.056;0.3;5/7/2020 11:59:29 AM;00:00:04.8912626;0.004894812;1
1;67;4;WholeRoom;16;-6.9055;-6.051628;178.7848;null;0.000;-7.325066;-6.195018;229.9018;0.5566128;;-6.056;0.3;5/7/2020 11:59:29 AM;00:00:04.9017615;0.00490483;1
1;67;4;WholeRoom;16;-6.904209;-6.046241;177.1268;null;0.000;-7.32092;-6.189833;229.8884;0.6626999;;-6.056;0.3;5/7/2020 11:59:29 AM;00:00:04.9121162;0.004915292;1
1;67;4;WholeRoom;16;-6.901131;-6.040589;175.9171;null;0.000;-7.317303;-6.18493;229.8866;0.5823606;;-6.056;0.3;5/7/2020 11:59:29 AM;00:00:04.9260685;0.004925648;1
1;67;4;WholeRoom;16;-6.901813;-6.037353;174.8724;null;0.000;-7.313589;-6.180242;229.9206;0.5775658;;-6.056;0.3;5/7/2020 11:59:29 AM;00:00:04.9362415;0.004939642;1
1;67;4;WholeRoom;16;-6.899018;-6.032495;174.0704;null;0.000;-7.309212;-6.174743;229.9533;0.5022401;;-6.056;0.3;5/7/2020 11:59:29 AM;00:00:04.9463768;0.004949798;1
1;67;4;WholeRoom;16;-6.895672;-6.027626;173.6645;null;0.000;-7.305862;-6.17001;229.9624;0.5709815;;-6.056;0.3;5/7/2020 11:59:29 AM;00:00:04.9566135;0.004959926;1
1;67;4;WholeRoom;16;-6.894373;-6.023461;173.4575;null;0.000;-7.302831;-6.165166;229.9442;0.5641129;;-6.056;0.3;5/7/2020 11:59:29 AM;00:00:04.9673686;0.004970094;1
1;67;4;WholeRoom;16;-6.891155;-6.018498;173.4428;null;0.000;-7.29872;-6.15957;229.91;0.6829948;;-6.056;0.3;5/7/2020 11:59:29 AM;00:00:04.9776573;0.004980936;1
1;67;4;WholeRoom;16;-6.887185;-6.013029;173.2418;null;0.000;-7.295375;-6.154557;229.8722;0.5558012;;-6.056;0.3;5/7/2020 11:59:29 AM;00:00:04.9878545;0.004991136;1
1;67;4;WholeRoom;16;-6.884786;-6.009088;173.2722;null;0.000;-7.292123;-6.149585;229.8036;0.5824613;;-6.056;0.3;5/7/2020 11:59:29 AM;00:00:05.0017793;0.005001442;1
1;67;4;WholeRoom;16;-6.881282;-6.004661;173.3715;null;0.000;-7.288309;-6.144224;229.7225;0.6384805;;-6.056;0.3;5/7/2020 11:59:29 AM;00:00:05.0120730;0.005015339;1
1;67;4;WholeRoom;16;-6.877074;-6.000525;173.4659;null;0.000;-7.285017;-6.139406;229.587;0.4198761;;-6.056;0.3;5/7/2020 11:59:29 AM;00:00:05.0222637;0.005025648;1
1;67;4;WholeRoom;16;-6.872515;-5.996402;173.5105;null;0.000;-7.281276;-6.134489;229.4761;0.5993135;;-6.056;0.3;5/7/2020 11:59:29 AM;00:00:05.0326944;0.005035837;1
1;67;4;WholeRoom;16;-6.868516;-5.992477;173.4474;null;0.000;-7.276945;-6.128654;229.324;0.7131798;;-6.056;0.3;5/7/2020 11:59:29 AM;00:00:05.0429642;0.005046274;1
1;67;4;WholeRoom;16;-6.864311;-5.987868;172.8247;null;0.000;-7.274047;-6.124028;229.1793;0.5229772;;-6.056;0.3;5/7/2020 11:59:29 AM;00:00:05.0530989;0.005056543;1
1;67;4;WholeRoom;16;-6.861078;-5.984125;171.9541;null;0.000;-7.271057;-6.119307;229.0534;0.5441772;;-6.056;0.3;5/7/2020 11:59:29 AM;00:00:05.0639522;0.005066684;1
1;67;4;WholeRoom;16;-6.857302;-5.980482;170.7784;null;0.000;-7.266617;-6.113273;228.9464;0.7387767;;-6.056;0.3;5/7/2020 11:59:29 AM;00:00:05.0782073;0.005077514;1
1;67;4;WholeRoom;16;-6.852065;-5.976791;170.157;null;0.000;-7.263646;-6.108493;228.8859;0.5196309;;-6.056;0.3;5/7/2020 11:59:29 AM;00:00:05.0884773;0.005091761;1
1;67;4;WholeRoom;16;-6.845704;-5.97216;169.8411;null;0.000;-7.260335;-6.103456;228.8205;0.4230776;;-6.056;0.3;5/7/2020 11:59:29 AM;00:00:05.0988938;0.005102063;1
1;67;4;WholeRoom;16;-6.840407;-5.96838;169.8801;null;0.000;-7.255711;-6.097039;228.7842;0.7677925;;-6.056;0.3;5/7/2020 11:59:29 AM;00:00:05.1088802;0.005112465;1
1;67;4;WholeRoom;16;-6.834148;-5.96451;170.0413;null;0.000;-7.252645;-6.09184;228.7852;0.5802793;;-6.056;0.3;5/7/2020 11:59:29 AM;00:00:05.1200164;0.005122478;1
1;67;4;WholeRoom;16;-6.827781;-5.960542;170.2304;null;0.000;-7.249119;-6.086613;228.7786;0.629691;;-6.056;0.3;5/7/2020 11:59:29 AM;00:00:05.1309626;0.005133546;1
1;67;4;WholeRoom;16;-6.820198;-5.956993;171.1323;null;0.000;-7.24481;-6.080462;228.7261;0.6785436;;-6.056;0.3;5/7/2020 11:59:29 AM;00:00:05.1422252;0.005144519;1
1;67;4;WholeRoom;16;-6.8146;-5.954192;171.6477;null;0.000;-7.241783;-6.075274;228.6732;0.5474109;;-6.056;0.3;5/7/2020 11:59:29 AM;00:00:05.1559104;0.005155711;1
1;67;4;WholeRoom;16;-6.807323;-5.950702;172.4488;null;0.000;-7.237868;-6.070009;228.6161;0.5861697;;-6.056;0.3;5/7/2020 11:59:29 AM;00:00:05.1662175;0.005169478;1
1;67;4;WholeRoom;16;-6.800356;-5.947147;173.0534;null;0.000;-7.233934;-6.06429;228.5756;0.5042526;;-6.056;0.3;5/7/2020 11:59:29 AM;00:00:05.1763185;0.005179808;1
1;67;4;WholeRoom;16;-6.792381;-5.943413;173.4311;null;0.000;-7.230713;-6.059121;228.5652;0.5895892;;-6.056;0.3;5/7/2020 11:59:29 AM;00:00:05.1868396;0.005189906;1
1;67;4;WholeRoom;16;-6.786127;-5.940149;173.8378;null;0.000;-7.227434;-6.053901;228.5575;0.6104726;;-6.056;0.3;5/7/2020 11:59:29 AM;00:00:05.1980144;0.005200393;1
1;67;4;WholeRoom;16;-6.778406;-5.936583;174.3507;null;0.000;-7.224593;-6.049308;228.571;0.5148978;;-6.056;0.3;5/7/2020 11:59:29 AM;00:00:05.2091906;0.005211569;1
1;67;4;WholeRoom;16;-6.771716;-5.934389;174.996;null;0.000;-7.220974;-6.044294;228.5826;0.5532719;;-6.056;0.3;5/7/2020 11:59:29 AM;00:00:05.2202875;0.005222756;1
1;67;4;WholeRoom;16;-6.763936;-5.931312;175.5414;null;0.000;-7.217525;-6.039493;228.5814;0.5284604;;-6.056;0.3;5/7/2020 11:59:29 AM;00:00:05.2348199;0.005233834;1
1;67;4;WholeRoom;16;-6.755475;-5.928867;176.3254;null;0.000;-7.214373;-6.034961;228.5481;0.498302;;-6.056;0.3;5/7/2020 11:59:29 AM;00:00:05.2451132;0.005248373;1
1;67;4;WholeRoom;16;-6.74829;-5.927486;177.1099;null;0.000;-7.212058;-6.031055;228.4614;0.3123065;;-6.056;0.3;5/7/2020 11:59:29 AM;00:00:05.2552976;0.005258697;1
1;67;4;WholeRoom;16;-6.739224;-5.925333;178.3186;null;0.000;-7.208826;-6.026708;228.3794;0.5246878;;-6.056;0.3;5/7/2020 11:59:29 AM;00:00:05.2655144;0.005268891;1
1;67;4;WholeRoom;16;-6.729947;-5.923418;179.6093;null;0.000;-7.204637;-6.021835;228.2475;0.6303468;;-6.056;0.3;5/7/2020 11:59:29 AM;00:00:05.2763513;0.00527909;1
1;67;4;WholeRoom;16;-6.720588;-5.921677;180.8916;null;0.000;-7.201583;-6.017922;228.1033;0.4866559;;-6.056;0.3;5/7/2020 11:59:29 AM;00:00:05.2874043;0.005289931;1
1;67;4;WholeRoom;16;-6.715501;-5.922003;182.0871;null;0.000;-7.198452;-6.01406;227.9701;0.4586787;;-6.056;0.3;5/7/2020 11:59:29 AM;00:00:05.2989490;0.005300947;1
1;67;4;WholeRoom;16;-6.706707;-5.920813;183.4702;null;0.000;-7.195141;-6.01017;227.9018;0.4636379;;-6.056;0.3;5/7/2020 11:59:29 AM;00:00:05.3129388;0.005312501;1
1;67;4;WholeRoom;16;-6.697871;-5.919564;184.7494;null;0.000;-7.192748;-6.006438;227.8467;0.3837816;;-6.056;0.3;5/7/2020 11:59:29 AM;00:00:05.3231235;0.005326523;1
1;67;4;WholeRoom;16;-6.688455;-5.918876;186.3467;null;0.000;-7.190125;-6.00303;227.8143;0.3066567;;-6.056;0.3;5/7/2020 11:59:29 AM;00:00:05.3333491;0.005336728;1
1;67;4;WholeRoom;16;-6.6789;-5.918448;187.9754;null;0.000;-7.185493;-5.997774;227.7692;0.6865415;;-6.056;0.3;5/7/2020 11:59:29 AM;00:00:05.3448023;0.005346901;1
1;67;4;WholeRoom;16;-6.668143;-5.916137;189.5571;Box22;2.272;-7.182575;-5.994241;227.7013;0.450409;;-6.056;0.3;5/7/2020 11:59:29 AM;00:00:05.3560050;0.005358369;1
1;67;4;WholeRoom;16;-6.658715;-5.916142;191.1206;Box22;2.270;-7.179566;-5.99058;227.6627;0.4132034;;-6.056;0.3;5/7/2020 11:59:29 AM;00:00:05.3674542;0.005369557;1
1;67;4;WholeRoom;16;-6.649445;-5.916397;192.5874;Box22;2.267;-7.176808;-5.987439;227.6172;0.3736598;;-6.056;0.3;5/7/2020 11:59:29 AM;00:00:05.3788468;0.005381013;1
1;67;4;WholeRoom;16;-6.636856;-5.914745;193.7342;Box22;2.263;-7.173572;-5.983894;227.5696;0.4189757;;-6.056;0.3;5/7/2020 11:59:30 AM;00:00:05.3928945;0.005392407;1
1;67;4;WholeRoom;16;-6.627779;-5.91553;194.6828;Box22;2.261;-7.17021;-5.980242;227.5554;0.435623;;-6.056;0.3;5/7/2020 11:59:30 AM;00:00:05.4030956;0.005406432;1
1;67;4;WholeRoom;16;-6.618688;-5.916229;195.667;Box22;2.259;-7.168061;-5.977358;227.5412;0.2564572;;-6.056;0.3;5/7/2020 11:59:30 AM;00:00:05.4133731;0.005416677;1
1;67;4;WholeRoom;16;-6.608125;-5.916861;196.608;Box22;2.257;-7.164519;-5.973786;227.5725;0.4910009;;-6.056;0.3;5/7/2020 11:59:30 AM;00:00:05.4245104;0.005426893;1
1;67;4;WholeRoom;16;-6.598622;-5.918731;197.7934;Box22;2.257;-7.161548;-5.970604;227.6442;0.4261617;;-6.056;0.3;5/7/2020 11:59:30 AM;00:00:05.4360902;0.005438025;1
1;67;4;WholeRoom;16;-6.589161;-5.920683;199.3054;Box22;2.256;-7.158249;-5.967095;227.7162;0.432686;;-6.056;0.3;5/7/2020 11:59:30 AM;00:00:05.4552146;0.005449665;1
1;67;4;WholeRoom;16;-6.576432;-5.923601;201.3476;Box22;2.256;-7.154863;-5.963552;227.7836;0.4209391;;-6.056;0.3;5/7/2020 11:59:30 AM;00:00:05.4692978;0.005468616;1
1;67;4;WholeRoom;16;-6.571544;-5.922246;203.9893;Box22;2.254;-7.151403;-5.960048;227.8672;0.2598577;;-6.056;0.3;5/7/2020 11:59:30 AM;00:00:05.4796321;0.005482855;1
1;67;4;WholeRoom;16;-6.557338;-5.919493;202.4529;Box24;1.892;-7.144527;-5.9531;228.0195;0.6865639;;-5.544;0.3;5/7/2020 11:59:30 AM;00:00:05.4899882;0.005493204;1
1;67;4;WholeRoom;16;-6.54784;-5.923513;202.3752;null;0.000;-7.140957;-5.949754;228.1282;0.4727716;;-5.544;0.3;5/7/2020 11:59:30 AM;00:00:05.5003136;0.005503562;1
1;67;4;WholeRoom;16;-6.536282;-5.930046;205.276;null;0.000;-7.136774;-5.945923;228.1975;0.5476161;;-5.544;0.3;5/7/2020 11:59:30 AM;00:00:05.5108289;0.005513886;1
1;67;4;WholeRoom;16;-6.524139;-5.927846;207.0478;Box24;1.881;-7.132487;-5.942765;228.2475;0.5157417;;-5.544;0.3;5/7/2020 11:59:30 AM;00:00:05.5219405;0.005524352;1
1;67;4;WholeRoom;16;-6.517399;-5.930611;208.894;Box24;1.880;-7.128834;-5.940053;228.2547;0.4347751;;-5.544;0.3;5/7/2020 11:59:30 AM;00:00:05.5332669;0.005535482;1
1;67;4;WholeRoom;16;-6.511032;-5.932119;209.513;Box24;1.878;-7.124576;-5.936421;228.2537;0.5027435;;-5.544;0.3;5/7/2020 11:59:30 AM;00:00:05.5472878;0.005546739;1
1;67;4;WholeRoom;16;-6.503648;-5.931948;209.3645;Box24;1.874;-7.120386;-5.933534;228.2392;0.4520309;;-5.544;0.3;5/7/2020 11:59:30 AM;00:00:05.5576404;0.005560873;1
1;67;4;WholeRoom;16;-6.494875;-5.935958;210.6379;Box24;1.873;-7.116077;-5.930683;228.2353;0.3655663;;-5.544;0.3;5/7/2020 11:59:30 AM;00:00:05.5680490;0.005571206;1
1;67;4;WholeRoom;16;-6.485855;-5.940777;212.705;Box24;1.872;-7.11202;-5.927755;228.2534;0.4841731;;-5.544;0.3;5/7/2020 11:59:30 AM;00:00:05.5783407;0.005581587;1
1;67;4;WholeRoom;16;-6.474723;-5.94425;215.9669;Box24;1.869;-7.107806;-5.92488;228.2503;0.4914758;;-5.544;0.3;5/7/2020 11:59:30 AM;00:00:05.5896326;0.005591922;1
1;67;4;WholeRoom;16;-6.466465;-5.948398;218.5203;Box24;1.869;-7.10346;-5.922184;228.256;0.4947923;;-5.544;0.3;5/7/2020 11:59:30 AM;00:00:05.6091681;0.005603203;1
1;67;4;WholeRoom;16;-6.45992;-5.952059;221.032;Box24;1.869;-7.098785;-5.919333;228.254;0.4854205;;-5.544;0.3;5/7/2020 11:59:30 AM;00:00:05.6232139;0.005622592;1
1;67;4;WholeRoom;16;-6.450676;-5.955385;222.9702;null;0.000;-7.094661;-5.916527;228.2785;0.2572392;;-5.544;0.3;5/7/2020 11:59:30 AM;00:00:05.6336647;0.005636774;1
1;67;4;WholeRoom;16;-6.437134;-5.961003;225.794;null;0.000;-7.085332;-5.911052;228.3848;0.7627807;;-5.544;0.3;5/7/2020 11:59:30 AM;00:00:05.6449931;0.005647218;1
1;67;4;WholeRoom;16;-6.42888;-5.96166;226.5301;null;0.000;-7.080496;-5.908331;228.4675;0.5312573;;-5.544;0.3;5/7/2020 11:59:30 AM;00:00:05.6559782;0.005658429;1
1;67;4;WholeRoom;16;-6.422688;-5.964876;226.4158;null;0.000;-7.075463;-5.9058;228.4946;0.5025572;;-5.544;0.3;5/7/2020 11:59:30 AM;00:00:05.6671540;0.005669503;1
1;67;4;WholeRoom;16;-6.416618;-5.967724;226.4609;null;0.000;-7.070406;-5.903285;228.471;0.5099672;;-5.544;0.3;5/7/2020 11:59:30 AM;00:00:05.6783933;0.005680677;1
1;67;4;WholeRoom;16;-6.408101;-5.968365;226.4007;null;0.000;-7.065459;-5.900726;228.4298;0.4984189;;-5.544;0.3;5/7/2020 11:59:30 AM;00:00:05.6894470;0.005691934;1
1;67;4;WholeRoom;16;-6.401528;-5.971581;226.9758;null;0.000;-7.060442;-5.898273;228.4203;0.4961686;;-5.544;0.3;5/7/2020 11:59:30 AM;00:00:05.7036135;0.005703019;1
1;67;4;WholeRoom;16;-6.394432;-5.975648;228.4967;null;0.000;-7.054917;-5.895545;228.4215;0.555843;;-5.544;0.3;5/7/2020 11:59:30 AM;00:00:05.7140743;0.005717181;1
1;67;4;WholeRoom;16;-6.38622;-5.979383;231.0488;Box40;3.720;-7.049408;-5.89323;228.466;0.4219289;;-3.472001;0.3;5/7/2020 11:59:30 AM;00:00:05.7244989;0.00572764;1
1;67;4;WholeRoom;16;-6.379235;-5.983511;233.8772;Box40;3.717;-7.044027;-5.890746;228.5468;0.5666688;;-3.472001;0.3;5/7/2020 11:59:30 AM;00:00:05.7351152;0.00573805;1
1;67;4;WholeRoom;16;-6.372817;-5.986999;236.0973;Box40;3.714;-7.038398;-5.887825;228.6067;0.6092421;;-3.472001;0.3;5/7/2020 11:59:30 AM;00:00:05.7456481;0.005748685;1
1;67;4;WholeRoom;16;-6.366008;-5.988275;237.6148;Box40;3.710;-7.032903;-5.885322;228.667;0.5678003;;-3.472001;0.3;5/7/2020 11:59:30 AM;00:00:05.7648557;0.005759213;1
1;67;4;WholeRoom;16;-6.361032;-5.990626;238.4493;null;0.000;-7.02737;-5.883184;228.7289;0.563393;;-3.472001;0.3;5/7/2020 11:59:30 AM;00:00:05.7790925;0.005778302;1
1;67;4;WholeRoom;16;-6.356257;-5.992568;238.7744;null;0.000;-7.021562;-5.880954;228.7711;0.3259038;;-3.472001;0.3;5/7/2020 11:59:30 AM;00:00:05.7900846;0.005792626;1
1;67;4;WholeRoom;16;-6.342012;-5.9922;239.2423;null;0.000;-7.009818;-5.876534;228.8365;0.8760803;;-3.472001;0.3;5/7/2020 11:59:30 AM;00:00:05.8012177;0.005803599;1
1;67;4;WholeRoom;16;-6.337249;-5.993305;239.5879;null;0.000;-7.00332;-5.874268;228.8537;0.627114;;-3.472001;0.3;5/7/2020 11:59:30 AM;00:00:05.8125798;0.005814763;1
1;67;4;WholeRoom;16;-6.329749;-5.993153;240.4994;null;0.000;-6.997191;-5.872108;228.858;0.5820975;;-3.472001;0.3;5/7/2020 11:59:30 AM;00:00:05.8236777;0.005826118;1
1;67;4;WholeRoom;16;-6.324531;-5.993313;241.2533;null;0.000;-6.990637;-5.869962;228.869;0.6072948;;-3.472001;0.3;5/7/2020 11:59:30 AM;00:00:05.8347218;0.005837202;1
1;67;4;WholeRoom;16;-6.319137;-5.993771;242.1564;null;0.000;-6.984455;-5.868093;228.863;0.5827627;;-3.472001;0.3;5/7/2020 11:59:30 AM;00:00:05.8487413;0.005848262;1
1;67;4;WholeRoom;16;-6.311519;-5.993862;243.0857;Box35;2.810;-6.97798;-5.866186;228.8018;0.6102604;;-3.74;0.3;5/7/2020 11:59:30 AM;00:00:05.8588682;0.00586217;1
1;67;4;WholeRoom;16;-6.306532;-5.994687;244.2869;Box35;2.805;-6.971483;-5.86442;228.7093;0.4840623;;-3.74;0.3;5/7/2020 11:59:30 AM;00:00:05.8692757;0.005872646;1
1;67;4;WholeRoom;16;-6.301472;-5.993998;245.1539;Box35;2.801;-6.965054;-5.862412;228.6585;0.6429918;;-3.74;0.3;5/7/2020 11:59:30 AM;00:00:05.8795660;0.005882865;1
1;67;4;WholeRoom;16;-6.294016;-5.989846;245.3182;Box35;2.792;-6.958285;-5.860849;228.6472;0.6798161;;-3.74;0.3;5/7/2020 11:59:30 AM;00:00:05.8907277;0.005893126;1
1;67;4;WholeRoom;16;-6.289746;-5.98724;245.0566;Box35;2.787;-6.951754;-5.859254;228.681;0.6551672;;-3.74;0.3;5/7/2020 11:59:30 AM;00:00:05.9018499;0.005904112;1
1;67;4;WholeRoom;16;-6.285099;-5.984958;244.9258;Box35;2.782;-6.945127;-5.857548;228.6748;0.6228653;;-3.74;0.3;5/7/2020 11:59:30 AM;00:00:05.9252778;0.005915422;1
1;67;4;WholeRoom;16;-6.276405;-5.979605;244.6369;Box35;2.772;-6.93855;-5.855984;228.6191;0.5977491;;-3.74;0.3;5/7/2020 11:59:30 AM;00:00:05.9357260;0.00593873;1
1;67;4;WholeRoom;16;-6.267514;-5.973327;244.6663;Box35;2.762;-6.924842;-5.852586;228.3806;0.6059363;;-3.74;0.3;5/7/2020 11:59:30 AM;00:00:05.9464447;0.005949305;1
1;67;4;WholeRoom;16;-6.259698;-5.967369;244.7028;Box35;2.753;-6.917901;-5.85098;228.2701;0.6736849;;-3.74;0.3;5/7/2020 11:59:30 AM;00:00:05.9575806;0.005959976;1
1;67;4;WholeRoom;16;-6.255551;-5.963817;244.5765;Box35;2.748;-6.910881;-5.849185;228.1782;0.6790491;;-3.74;0.3;5/7/2020 11:59:30 AM;00:00:05.9687309;0.005971102;1
1;67;4;WholeRoom;16;-6.24979;-5.957691;244.1904;Box35;2.740;-6.903697;-5.847063;228.0814;0.6732284;;-3.74;0.3;5/7/2020 11:59:30 AM;00:00:05.9798795;0.005982276;1
1;67;4;WholeRoom;16;-6.243995;-5.951676;243.7226;Box35;2.733;-6.896407;-5.84517;228.0933;0.6740645;;-3.74;0.3;5/7/2020 11:59:30 AM;00:00:05.9939136;0.005993421;1
1;67;4;WholeRoom;16;-6.240565;-5.946185;243.2719;Box35;2.728;-6.889226;-5.843126;228.2618;0.6698897;;-3.74;0.3;5/7/2020 11:59:30 AM;00:00:06.0043720;0.006007361;1
1;67;4;WholeRoom;16;-6.236844;-5.940701;242.699;Box35;2.722;-6.881803;-5.841073;228.5303;0.5525067;;-3.74;0.3;5/7/2020 11:59:30 AM;00:00:06.0146999;0.006017953;1
1;67;4;WholeRoom;16;-6.23044;-5.933398;242.3825;Box35;2.714;-6.874313;-5.83924;228.7873;0.7280295;;-3.74;0.3;5/7/2020 11:59:30 AM;00:00:06.0250327;0.006028478;1
1;67;4;WholeRoom;16;-6.226395;-5.927205;242.1686;Box35;2.708;-6.866722;-5.837245;229.1563;0.7456793;;-3.74;0.3;5/7/2020 11:59:30 AM;00:00:06.0360022;0.006038593;1
1;67;4;WholeRoom;16;-6.222509;-5.921068;242.0893;null;0.000;-6.859093;-5.835154;229.4969;0.7820926;;-3.74;0.3;5/7/2020 11:59:30 AM;00:00:06.0469491;0.006049464;1
1;67;4;WholeRoom;16;-6.215155;-5.913946;241.8655;null;0.000;-6.851564;-5.833185;229.8089;0.7157841;;-3.74;0.3;5/7/2020 11:59:30 AM;00:00:06.0614962;0.006060472;1
1;67;4;WholeRoom;16;-6.211017;-5.906818;241.6626;null;0.000;-6.843811;-5.83133;230.1059;0.724281;;-3.74;0.3;5/7/2020 11:59:30 AM;00:00:06.0808107;0.006074893;1
1;67;4;WholeRoom;16;-6.206793;-5.899743;241.2203;null;0.000;-6.836475;-5.829477;230.3799;0.5246787;;-3.74;0.3;5/7/2020 11:59:30 AM;00:00:06.0916637;0.006094383;1
1;67;4;WholeRoom;16;-6.195125;-5.881533;239.1947;null;0.000;-6.821974;-5.825879;230.7771;0.7665784;;-3.74;0.3;5/7/2020 11:59:30 AM;00:00:06.1027770;0.006105173;1
1;67;4;WholeRoom;16;-6.190831;-5.873473;238.173;null;0.000;-6.814755;-5.824099;230.9856;0.6890486;;-3.74;0.3;5/7/2020 11:59:30 AM;00:00:06.1139526;0.006116316;1
1;67;4;WholeRoom;16;-6.182708;-5.863739;237.2829;null;0.000;-6.807926;-5.822215;231.1175;0.6357852;;-3.74;0.3;5/7/2020 11:59:30 AM;00:00:06.1251500;0.00612751;1
1;67;4;WholeRoom;16;-6.178585;-5.855152;236.2189;null;0.000;-6.800836;-5.8204;231.2429;0.6537401;;-3.74;0.3;5/7/2020 11:59:30 AM;00:00:06.1394043;0.006138668;1
1;67;4;WholeRoom;16;-6.174611;-5.846885;235.295;Box40;3.474;-6.794804;-5.818811;231.3775;0.5590627;;-3.472001;0.3;5/7/2020 11:59:30 AM;00:00:06.1500244;0.006152837;1
1;67;4;WholeRoom;16;-6.169466;-5.836236;234.2596;Box40;3.464;-6.788334;-5.81721;231.5075;0.4704028;;-3.472001;0.3;5/7/2020 11:59:30 AM;00:00:06.1608448;0.00616361;1
1;67;4;WholeRoom;16;-6.166001;-5.827437;233.1408;Box40;3.456;-6.782055;-5.815498;231.6371;0.6041285;;-3.472001;0.3;5/7/2020 11:59:30 AM;00:00:06.1712976;0.006174327;1
1;67;4;WholeRoom;16;-6.162175;-5.817398;231.7749;Box40;3.446;-6.774828;-5.813687;231.7562;0.6951129;;-3.472001;0.3;5/7/2020 11:59:30 AM;00:00:06.1814784;0.006184863;1
1;67;4;WholeRoom;16;-6.159324;-5.807873;230.1083;Box40;3.438;-6.769179;-5.812102;231.7773;0.5569292;;-3.472001;0.3;5/7/2020 11:59:30 AM;00:00:06.1921545;0.006195256;1
1;67;4;WholeRoom;16;-6.157136;-5.798216;228.1165;Box40;3.431;-6.763077;-5.810368;231.836;0.610384;;-3.472001;0.3;5/7/2020 11:59:30 AM;00:00:06.2063830;0.006205682;1
1;67;4;WholeRoom;16;-6.155248;-5.788605;225.8736;Box40;3.424;-6.758082;-5.808892;231.8351;0.4995785;;-3.472001;0.3;5/7/2020 11:59:30 AM;00:00:06.2174028;0.006219845;1
1;67;4;WholeRoom;16;-6.153318;-5.778606;223.7164;null;0.000;-6.752928;-5.807588;231.82;0.375349;;-3.472001;0.3;5/7/2020 11:59:30 AM;00:00:06.2367609;0.006230993;1
1;67;4;WholeRoom;16;-6.151745;-5.769486;221.7141;null;0.000;-6.747825;-5.806091;231.7965;0.4770533;;-3.472001;0.3;5/7/2020 11:59:30 AM;00:00:06.2480557;0.006250336;1
1;67;4;WholeRoom;16;-6.150368;-5.75111;217.7871;null;0.000;-6.7378;-5.80271;231.73;0.5469507;;-3.472001;0.3;5/7/2020 11:59:30 AM;00:00:06.2591780;0.006261587;1
1;67;4;WholeRoom;16;-6.150357;-5.741968;215.8827;null;0.000;-6.733294;-5.801369;231.7248;0.4178743;;-3.472001;0.3;5/7/2020 11:59:30 AM;00:00:06.2703465;0.006272718;1
1;67;4;WholeRoom;16;-6.149023;-5.731431;213.9328;Box24;1.544;-6.727983;-5.799583;231.7688;0.5033954;;-5.544;0.3;5/7/2020 11:59:30 AM;00:00:06.2847369;0.006283886;1
1;67;4;WholeRoom;16;-6.149689;-5.722831;212.0898;Box24;1.537;-6.723023;-5.797643;231.7915;0.4768642;;-5.544;0.3;5/7/2020 11:59:30 AM;00:00:06.2954064;0.006298222;1
1;67;4;WholeRoom;16;-6.150492;-5.714072;210.4088;Box24;1.529;-6.717873;-5.795743;231.8607;0.382957;;-5.544;0.3;5/7/2020 11:59:30 AM;00:00:06.3058602;0.00630898;1
1;67;4;WholeRoom;16;-6.150004;-5.704405;208.706;Box24;1.521;-6.713203;-5.79398;231.9012;0.4639596;;-5.544;0.3;5/7/2020 11:59:30 AM;00:00:06.3165154;0.006319446;1
1;67;4;WholeRoom;16;-6.151952;-5.696848;207.1267;Box24;1.515;-6.708202;-5.792415;231.9165;0.5007125;;-5.544;0.3;5/7/2020 11:59:30 AM;00:00:06.3272113;0.00633011;1
1;67;4;WholeRoom;16;-6.152578;-5.688175;205.5196;Box24;1.508;-6.703072;-5.790427;231.9383;0.5159491;;-5.544;0.3;5/7/2020 11:59:30 AM;00:00:06.3377787;0.006340608;1
1;67;4;WholeRoom;16;-6.15347;-5.679346;203.8701;Box24;1.501;-6.698008;-5.78855;231.9662;0.5143953;;-5.544;0.3;5/7/2020 11:59:30 AM;00:00:06.3518627;0.006351352;1
1;67;4;WholeRoom;16;-6.155861;-5.671272;201.9325;Box24;1.495;-6.692948;-5.786156;231.9131;0.5209672;;-5.544;0.3;5/7/2020 11:59:30 AM;00:00:06.3625126;0.006365427;1
1;67;4;WholeRoom;16;-6.156662;-5.662754;199.9602;Box24;1.488;-6.687696;-5.783998;231.9423;0.4034264;;-5.544;0.3;5/7/2020 11:59:30 AM;00:00:06.3732818;0.006376104;1
1;67;4;WholeRoom;16;-6.156909;-5.654411;198.4019;Box24;1.481;-6.68298;-5.781909;231.9791;0.4830943;;-5.544;0.3;5/7/2020 11:59:31 AM;00:00:06.3925935;0.006386862;1
1;67;4;WholeRoom;16;-6.157303;-5.646384;197.1709;Box24;1.475;-6.67806;-5.77942;231.9828;0.51254;;-5.544;0.3;5/7/2020 11:59:31 AM;00:00:06.4045200;0.00640618;1
1;67;4;WholeRoom;16;-6.158749;-5.630094;194.7444;Box24;1.462;-6.668829;-5.775009;231.9219;0.529592;;-5.544;0.3;5/7/2020 11:59:31 AM;00:00:06.4155663;0.006417924;1
1;67;4;WholeRoom;16;-6.160225;-5.623243;193.477;Box24;1.456;-6.664197;-5.77254;231.7832;0.4469131;;-5.544;0.3;5/7/2020 11:59:31 AM;00:00:06.4298694;0.006429107;1
1;67;4;WholeRoom;16;-6.160633;-5.616038;192.4731;Box24;1.451;-6.659758;-5.770296;231.6617;0.4448566;;-5.544;0.3;5/7/2020 11:59:31 AM;00:00:06.4404094;0.006443453;1
1;67;4;WholeRoom;16;-6.161138;-5.608382;191.3219;Box24;1.444;-6.655157;-5.767897;231.5081;0.3616593;;-5.544;0.3;5/7/2020 11:59:31 AM;00:00:06.4509899;0.006453975;1
1;67;4;WholeRoom;16;-6.163877;-5.60243;190.0518;Box22;1.887;-6.650675;-5.765577;231.3447;0.4796311;;-6.056;0.3;5/7/2020 11:59:31 AM;00:00:06.4616445;0.006464568;1
1;67;4;WholeRoom;16;-6.173147;-5.595168;184.634;Box22;1.881;-6.64657;-5.763364;231.204;0.4403008;;-6.056;0.3;5/7/2020 11:59:31 AM;00:00:06.4721077;0.006475176;1
1;67;4;WholeRoom;16;-6.164794;-5.591852;180.7645;Box22;1.877;-6.641789;-5.760583;231.0491;0.521356;;-6.056;0.3;5/7/2020 11:59:31 AM;00:00:06.4825699;0.006485672;1
1;67;4;WholeRoom;16;-6.145119;-5.593618;184.7263;Box22;1.878;-6.637491;-5.757697;230.9318;0.4932515;;-6.056;0.3;5/7/2020 11:59:31 AM;00:00:06.4968213;0.006496106;1
1;67;4;WholeRoom;16;-6.134807;-5.588914;190.7108;Box22;1.873;-6.633407;-5.754625;230.8434;0.4897886;;-6.056;0.3;5/7/2020 11:59:31 AM;00:00:06.5075672;0.006510395;1
1;67;4;WholeRoom;16;-6.132079;-5.577721;193.5165;Box22;1.862;-6.629415;-5.751517;230.786;0.354087;;-6.056;0.3;5/7/2020 11:59:31 AM;00:00:06.5182316;0.006521047;1
1;67;4;WholeRoom;16;-6.135379;-5.571981;192.6229;Box24;1.403;-6.624809;-5.748188;230.6286;0.5335045;;-5.544;0.3;5/7/2020 11:59:31 AM;00:00:06.5290182;0.006531806;1
1;67;4;WholeRoom;16;-6.132523;-5.567564;190.9201;Box24;1.398;-6.620123;-5.744813;230.4652;0.5366815;;-5.544;0.3;5/7/2020 11:59:31 AM;00:00:06.5396740;0.006542573;1
1;67;4;WholeRoom;16;-6.132648;-5.5655;190.2927;Box22;1.850;-6.615493;-5.741316;230.2999;0.5389073;;-6.056;0.3;5/7/2020 11:59:31 AM;00:00:06.5501395;0.006553263;1
1;67;4;WholeRoom;16;-6.136427;-5.566876;191.0092;Box22;1.851;-6.610757;-5.737457;230.3015;0.5714935;;-6.056;0.3;5/7/2020 11:59:31 AM;00:00:06.5647576;0.006563721;1
1;67;4;WholeRoom;16;-6.130674;-5.561016;192.34;Box22;1.846;-6.605602;-5.733863;230.3529;0.6008731;;-6.056;0.3;5/7/2020 11:59:31 AM;00:00:06.5752827;0.006578329;1
1;67;4;WholeRoom;16;-6.127276;-5.555484;191.7979;Box24;1.386;-6.600616;-5.729329;230.5285;0.4613521;;-5.544;0.3;5/7/2020 11:59:31 AM;00:00:06.5868269;0.006588814;1
1;67;4;WholeRoom;16;-6.131595;-5.554204;190.1129;Box24;1.387;-6.595909;-5.725187;230.586;0.5979796;;-5.544;0.3;5/7/2020 11:59:31 AM;00:00:06.5978166;0.006600377;1
1;67;4;WholeRoom;16;-6.127531;-5.548806;188.7865;Box22;1.834;-6.591239;-5.720614;230.6796;0.5652257;;-6.056;0.3;5/7/2020 11:59:31 AM;00:00:06.6084819;0.006611385;1
1;67;4;WholeRoom;16;-6.12316;-5.543639;187.6785;Box22;1.829;-6.586566;-5.715989;230.7629;0.5973645;;-6.056;0.3;5/7/2020 11:59:31 AM;00:00:06.6192943;0.006622059;1
1;67;4;WholeRoom;16;-6.129414;-5.545014;186.7846;Box22;1.830;-6.581763;-5.711145;230.8504;0.6390096;;-6.056;0.3;5/7/2020 11:59:31 AM;00:00:06.6336761;0.006632874;1
1;67;4;WholeRoom;16;-6.125009;-5.540664;186.0078;Box22;1.826;-6.577045;-5.706492;230.9563;0.6127257;;-6.056;0.3;5/7/2020 11:59:31 AM;00:00:06.6441956;0.006647253;1
1;67;4;WholeRoom;16;-6.117534;-5.535571;185.7853;Box22;1.821;-6.572162;-5.701483;231.0803;0.4864882;;-6.056;0.3;5/7/2020 11:59:31 AM;00:00:06.6548587;0.006657726;1
1;67;4;WholeRoom;16;-6.117945;-5.533937;185.3783;Box22;1.819;-6.567465;-5.696424;231.2036;0.6591282;;-6.056;0.3;5/7/2020 11:59:31 AM;00:00:06.6656346;0.006668417;1
1;67;4;WholeRoom;16;-6.111563;-5.529953;185.2865;Box22;1.815;-6.562938;-5.69116;231.3482;0.6494611;;-6.056;0.3;5/7/2020 11:59:31 AM;00:00:06.6761748;0.006679219;1
1;67;4;WholeRoom;16;-6.10956;-5.527153;185.3351;Box22;1.812;-6.558326;-5.685941;231.4953;0.6447077;;-6.056;0.3;5/7/2020 11:59:31 AM;00:00:06.6868892;0.006689756;1
1;67;4;WholeRoom;16;-6.105354;-5.523431;185.1454;Box22;1.809;-6.553692;-5.6805;231.6588;0.6783531;;-6.056;0.3;5/7/2020 11:59:31 AM;00:00:06.7099319;0.00670047;1
1;67;4;WholeRoom;16;-6.100715;-5.520025;184.8933;Box22;1.805;-6.549192;-5.674717;231.8242;0.6838461;;-6.056;0.3;5/7/2020 11:59:31 AM;00:00:06.7205267;0.006723361;1
1;67;4;WholeRoom;16;-6.088786;-5.513889;184.5009;Box22;1.799;-6.539891;-5.663373;232.1071;0.6408481;;-6.056;0.3;5/7/2020 11:59:31 AM;00:00:06.7313868;0.006734117;1
1;67;4;WholeRoom;16;-6.082923;-5.511011;184.5291;Box22;1.796;-6.53548;-5.657705;232.2547;0.6677137;;-6.056;0.3;5/7/2020 11:59:31 AM;00:00:06.7421053;0.006744978;1
1;67;4;WholeRoom;16;-6.073905;-5.507046;184.3783;Box22;1.792;-6.530985;-5.651749;232.4305;0.6871405;;-6.056;0.3;5/7/2020 11:59:31 AM;00:00:06.7527497;0.006755689;1
1;67;4;WholeRoom;16;-6.069351;-5.504699;184.1419;Box22;1.790;-6.526465;-5.645583;232.625;0.7137156;;-6.056;0.3;5/7/2020 11:59:31 AM;00:00:06.7672187;0.006766321;1
1;67;4;WholeRoom;16;-6.063077;-5.501953;183.9873;Box22;1.787;-6.521912;-5.638711;232.818;0.7753429;;-6.056;0.3;5/7/2020 11:59:31 AM;00:00:06.7777682;0.006780777;1
1;67;4;WholeRoom;16;-6.054514;-5.49836;184.2434;Box22;1.784;-6.517313;-5.632199;232.9759;0.5514327;;-6.056;0.3;5/7/2020 11:59:31 AM;00:00:06.7883455;0.006791323;1
1;67;4;WholeRoom;16;-6.049002;-5.496565;184.5877;Box22;1.782;-6.512468;-5.625935;233.1277;0.750996;;-6.056;0.3;5/7/2020 11:59:31 AM;00:00:06.7990685;0.00680188;1
1;67;4;WholeRoom;16;-6.042449;-5.494167;185.085;Box22;1.780;-6.507255;-5.618824;233.2851;0.835255;;-6.056;0.3;5/7/2020 11:59:31 AM;00:00:06.8096543;0.006812644;1
1;67;4;WholeRoom;16;-6.035887;-5.491304;184.8594;Box22;1.777;-6.502117;-5.61218;233.4885;0.7802715;;-6.056;0.3;5/7/2020 11:59:31 AM;00:00:06.8207164;0.006823215;1
1;67;4;WholeRoom;16;-6.030303;-5.489476;184.2979;Box22;1.776;-6.497248;-5.605765;233.6361;0.7617632;;-6.056;0.3;5/7/2020 11:59:31 AM;00:00:06.8352404;0.006834296;1
1;67;4;WholeRoom;16;-6.024657;-5.487812;183.1151;Box22;1.774;-6.492509;-5.599185;233.7616;0.7318092;;-6.056;0.3;5/7/2020 11:59:31 AM;00:00:06.8462121;0.006848765;1
1;67;4;WholeRoom;16;-6.016735;-5.485753;182.1222;Box22;1.772;-6.488142;-5.592821;233.8445;0.533444;;-6.056;0.3;5/7/2020 11:59:31 AM;00:00:06.8569008;0.006859773;1
1;67;4;WholeRoom;16;-6.011471;-5.484869;181.6409;Box22;1.771;-6.483228;-5.586396;233.9553;0.7347353;;-6.056;0.3;5/7/2020 11:59:31 AM;00:00:06.8677689;0.006870458;1
1;67;4;WholeRoom;16;-6.00468;-5.483576;181.7299;Box22;1.770;-6.478342;-5.579682;234.027;0.7772149;;-6.056;0.3;5/7/2020 11:59:31 AM;00:00:06.8798172;0.006881339;1
1;67;4;WholeRoom;16;-5.995758;-5.481339;182.5341;Box22;1.769;-6.473587;-5.573422;234.0937;0.7224141;;-6.056;0.3;5/7/2020 11:59:31 AM;00:00:06.8942845;0.006893378;1
1;67;4;WholeRoom;16;-5.989567;-5.481245;183.9397;Box22;1.769;-6.469373;-5.567209;234.1595;0.6235629;;-6.056;0.3;5/7/2020 11:59:31 AM;00:00:06.9049556;0.006907739;1
1;67;4;WholeRoom;16;-5.98092;-5.480127;185.7502;Box22;1.768;-6.464365;-5.560397;234.2305;0.5887119;;-6.056;0.3;5/7/2020 11:59:31 AM;00:00:06.9157007;0.006918509;1
1;67;4;WholeRoom;16;-5.971709;-5.478603;187.4864;Box24;1.262;-6.459258;-5.554194;234.2932;0.746068;;-5.544;0.3;5/7/2020 11:59:31 AM;00:00:06.9264021;0.00692925;1
1;67;4;WholeRoom;16;-5.96326;-5.477536;189.0832;Box24;1.258;-6.454391;-5.548168;234.3792;0.7211369;;-5.544;0.3;5/7/2020 11:59:31 AM;00:00:06.9369460;0.006939969;1
1;67;4;WholeRoom;16;-5.953592;-5.474927;190.3966;Box24;1.253;-6.44929;-5.541723;234.4878;0.7668321;;-5.544;0.3;5/7/2020 11:59:31 AM;00:00:06.9476629;0.006950725;1
1;67;4;WholeRoom;16;-5.945252;-5.47293;191.1596;Box24;1.248;-6.444125;-5.53583;234.6554;0.7284672;;-5.544;0.3;5/7/2020 11:59:31 AM;00:00:06.9621820;0.006961248;1
1;67;4;WholeRoom;16;-5.93628;-5.471073;191.5541;Box24;1.244;-6.439188;-5.529657;234.7985;0.7511343;;-5.544;0.3;5/7/2020 11:59:31 AM;00:00:06.9728572;0.006975577;1
1;67;4;WholeRoom;16;-5.917565;-5.46735;192.9461;Box24;1.235;-6.428606;-5.517423;235.1506;1.128982;;-5.544;0.3;5/7/2020 11:59:31 AM;00:00:06.9836399;0.006986429;1
1;67;4;WholeRoom;16;-5.907731;-5.46593;193.8173;Box24;1.231;-6.423438;-5.511502;235.3484;0.7241721;;-5.544;0.3;5/7/2020 11:59:31 AM;00:00:06.9942961;0.006997212;1
1;67;4;WholeRoom;16;-5.907731;-5.46593;193.8173;Box24;1.231;-6.423438;-5.511502;235.3484;0;;-5.544;0.3;5/7/2020 11:59:31 AM;00:00:07.0052125;0.007007878;1
1;67;4;WholeRoom;16;-5.897417;-5.465502;195.1238;Box24;1.227;-6.418252;-5.505723;235.5284;0.727882;;-5.544;0.3;5/7/2020 11:59:31 AM;00:00:07.0284498;0.007018758;1
1;67;4;WholeRoom;16;-5.882873;-5.467282;198.33;Box24;1.225;-6.41324;-5.49986;235.6983;0.7090002;;-5.544;0.3;5/7/2020 11:59:31 AM;00:00:07.0394547;0.00704185;1
1;67;4;WholeRoom;16;-5.87451;-5.456787;198.1212;Box24;1.213;-6.402395;-5.487838;236.0328;0.7011438;;-5.544;0.3;5/7/2020 11:59:31 AM;00:00:07.0503247;0.007053029;1
1;67;4;WholeRoom;16;-5.867715;-5.455882;197.6613;Box24;1.211;-6.397628;-5.482217;236.225;0.6592386;;-5.544;0.3;5/7/2020 11:59:31 AM;00:00:07.0611258;0.007063888;1
1;67;4;WholeRoom;16;-5.854416;-5.458321;199.3507;Box24;1.209;-6.392458;-5.476759;236.4237;0.6922705;;-5.544;0.3;5/7/2020 11:59:31 AM;00:00:07.0720471;0.007074689;1
1;67;4;WholeRoom;16;-5.84168;-5.460904;202.7085;Box24;1.208;-6.387455;-5.471551;236.6172;0.6687704;;-5.544;0.3;5/7/2020 11:59:31 AM;00:00:07.0864142;0.007085585;1
1;67;4;WholeRoom;16;-5.830884;-5.461233;205.3048;Box24;1.206;-6.382159;-5.466052;236.8058;0.7006593;;-5.544;0.3;5/7/2020 11:59:31 AM;00:00:07.0971254;0.007099992;1
1;67;4;WholeRoom;16;-5.815626;-5.459626;207.1485;Box24;1.201;-6.372204;-5.456543;237.1961;0.9555265;;-5.544;0.3;5/7/2020 11:59:31 AM;00:00:07.1081002;0.007110655;1
1;67;4;WholeRoom;16;-5.803783;-5.461455;208.9313;Box24;1.200;-6.367415;-5.452035;237.3578;0.6167328;;-5.544;0.3;5/7/2020 11:59:31 AM;00:00:07.1192926;0.007121653;1
1;67;4;WholeRoom;16;-5.794862;-5.464203;211.4283;Box24;1.201;-6.362736;-5.447406;237.483;0.5985182;;-5.544;0.3;5/7/2020 11:59:31 AM;00:00:07.1304701;0.007132819;1
1;67;4;WholeRoom;16;-5.784917;-5.467925;214.4463;null;0.000;-6.357651;-5.442173;237.5883;0.6534908;;-5.544;0.3;5/7/2020 11:59:31 AM;00:00:07.1447654;0.007144026;1
1;67;4;WholeRoom;16;-5.777162;-5.47123;217.5033;null;0.000;-6.352973;-5.43786;237.6494;0.5677789;;-5.544;0.3;5/7/2020 11:59:31 AM;00:00:07.1556075;0.007158332;1
1;67;4;WholeRoom;16;-5.77025;-5.470545;219.278;null;0.000;-6.347799;-5.433545;237.7136;0.4708997;;-5.544;0.3;5/7/2020 11:59:31 AM;00:00:07.1751295;0.007169188;1
1;67;4;WholeRoom;16;-5.763479;-5.468296;219.105;null;0.000;-6.343311;-5.428939;237.749;0.5924077;;-5.544;0.3;5/7/2020 11:59:31 AM;00:00:07.1862841;0.007188596;1
1;67;4;WholeRoom;16;-5.747459;-5.473831;221.5648;null;0.000;-6.3345;-5.420892;237.7361;0.6148125;;-5.544;0.3;5/7/2020 11:59:31 AM;00:00:07.1974906;0.007199814;1
1;67;4;WholeRoom;16;-5.73983;-5.47672;223.2099;null;0.000;-6.330173;-5.416674;237.659;0.5387674;;-5.544;0.3;5/7/2020 11:59:31 AM;00:00:07.2122408;0.007211041;1
1;67;4;WholeRoom;16;-5.730941;-5.47799;224.5694;null;0.000;-6.325552;-5.41263;237.5846;0.5469687;;-5.544;0.3;5/7/2020 11:59:31 AM;00:00:07.2229356;0.007225778;1
1;67;4;WholeRoom;16;-5.722367;-5.479524;225.8192;null;0.000;-6.321146;-5.408825;237.445;0.3949516;;-5.544;0.3;5/7/2020 11:59:31 AM;00:00:07.2338425;0.007236511;1
1;67;4;WholeRoom;16;-5.714835;-5.482049;227.1733;null;0.000;-6.316905;-5.405157;237.3175;0.5224606;;-5.544;0.3;5/7/2020 11:59:31 AM;00:00:07.2446051;0.007247407;1
1;67;4;WholeRoom;16;-5.705152;-5.483083;228.7689;Box40;2.888;-6.312486;-5.401232;237.2198;0.5423987;;-3.472001;0.3;5/7/2020 11:59:31 AM;00:00:07.2556825;0.007258178;1
1;67;4;WholeRoom;16;-5.697329;-5.485201;230.3853;Box40;2.883;-6.308057;-5.397333;237.1479;0.547878;;-3.472001;0.3;5/7/2020 11:59:31 AM;00:00:07.2705476;0.007269256;1
1;67;4;WholeRoom;16;-5.690417;-5.487228;231.763;Box40;2.879;-6.30364;-5.393495;237.0821;0.5282467;;-3.472001;0.3;5/7/2020 11:59:31 AM;00:00:07.2814216;0.007284085;1
1;67;4;WholeRoom;16;-5.68223;-5.487845;232.5427;Box40;2.873;-6.298892;-5.389536;237.0155;0.4168268;;-3.472001;0.3;5/7/2020 11:59:31 AM;00:00:07.2922335;0.007294959;1
1;67;4;WholeRoom;16;-5.674059;-5.48855;233.3384;Box40;2.867;-6.293964;-5.385437;236.9547;0.589552;;-3.472001;0.3;5/7/2020 11:59:31 AM;00:00:07.3032126;0.007305775;1
1;67;4;WholeRoom;16;-5.667718;-5.49007;234.005;Box40;2.863;-6.289211;-5.381398;236.8968;0.5766461;;-3.472001;0.3;5/7/2020 11:59:31 AM;00:00:07.3142668;0.007316763;1
1;67;4;WholeRoom;16;-5.659921;-5.490614;235.1589;Box40;2.857;-6.284666;-5.377635;236.8319;0.537046;;-3.472001;0.3;5/7/2020 11:59:31 AM;00:00:07.3378254;0.007327795;1
1;67;4;WholeRoom;16;-5.653297;-5.492436;236.6275;Box40;2.854;-6.279988;-5.373815;236.761;0.5474016;;-3.472001;0.3;5/7/2020 11:59:31 AM;00:00:07.3487867;0.007351156;1
1;67;4;WholeRoom;16;-5.638864;-5.493062;239.6397;Box40;2.843;-6.270279;-5.366139;236.5053;0.529797;;-3.472001;0.3;5/7/2020 11:59:31 AM;00:00:07.3597745;0.007362322;1
1;67;4;WholeRoom;16;-5.631913;-5.492378;240.765;null;0.000;-6.265255;-5.362579;236.3264;0.5514364;;-3.472001;0.3;5/7/2020 11:59:31 AM;00:00:07.3709353;0.007373332;1
1;67;4;WholeRoom;16;-5.625987;-5.491162;241.4806;null;0.000;-6.260216;-5.358757;236.1219;0.5745415;;-3.472001;0.3;5/7/2020 11:59:31 AM;00:00:07.3821200;0.007384456;1
1;67;4;WholeRoom;16;-5.619272;-5.489364;241.8082;null;0.000;-6.254867;-5.355268;235.952;0.5740265;;-3.472001;0.3;5/7/2020 11:59:32 AM;00:00:07.3966804;0.007395654;1
1;67;4;WholeRoom;16;-5.612034;-5.487462;242.4073;null;0.000;-6.249669;-5.351737;235.7595;0.5611489;;-3.472001;0.3;5/7/2020 11:59:32 AM;00:00:07.4076333;0.007410251;1
1;67;4;WholeRoom;16;-5.605393;-5.485196;243.0125;null;0.000;-6.244279;-5.347907;235.5701;0.4530152;;-3.472001;0.3;5/7/2020 11:59:32 AM;00:00:07.4184947;0.007421188;1
1;67;4;WholeRoom;16;-5.598658;-5.483282;243.9311;null;0.000;-6.239172;-5.34434;235.3745;0.5695444;;-3.472001;0.3;5/7/2020 11:59:32 AM;00:00:07.4294889;0.007432084;1
1;67;4;WholeRoom;16;-5.585067;-5.475362;245.2072;null;0.000;-6.233792;-5.340888;235.1805;0.5866512;;-3.472001;0.3;5/7/2020 11:59:32 AM;00:00:07.4403246;0.00744302;1
1;67;4;WholeRoom;16;-5.57917;-5.472404;246.4922;null;0.000;-6.228083;-5.337188;234.964;0.6221001;;-3.472001;0.3;5/7/2020 11:59:32 AM;00:00:07.4551481;0.007453897;1
1;67;4;WholeRoom;16;-5.573193;-5.467561;247.1818;Box35;1.962;-6.222349;-5.333719;234.7628;0.6161031;;-3.74;0.3;5/7/2020 11:59:32 AM;00:00:07.4661541;0.007468732;1
1;67;4;WholeRoom;16;-5.560487;-5.456763;247.5641;Box35;1.948;-6.210628;-5.326664;234.2849;0.9221939;;-3.74;0.3;5/7/2020 11:59:32 AM;00:00:07.4862869;0.007479717;1
1;67;4;WholeRoom;16;-5.554416;-5.451592;247.9483;Box35;1.941;-6.204227;-5.323338;234.042;0.6565895;;-3.74;0.3;5/7/2020 11:59:32 AM;00:00:07.4972937;0.007499735;1
1;67;4;WholeRoom;16;-5.547537;-5.445469;248.7691;Box35;1.933;-6.19778;-5.319883;233.8138;0.3654199;;-3.74;0.3;5/7/2020 11:59:32 AM;00:00:07.5083318;0.007510851;1
1;67;4;WholeRoom;16;-5.541621;-5.440206;249.6279;Box35;1.926;-6.191329;-5.316417;233.6127;0.6587955;;-3.74;0.3;5/7/2020 11:59:32 AM;00:00:07.5234394;0.007521859;1
1;67;4;WholeRoom;16;-5.535876;-5.433474;250.0839;Box35;1.919;-6.185004;-5.313106;233.4182;0.6485532;;-3.74;0.3;5/7/2020 11:59:32 AM;00:00:07.5345376;0.007537024;1
1;67;4;WholeRoom;16;-5.525191;-5.418891;249.9807;Box35;1.906;-6.172146;-5.306551;233.0137;0.9516916;;-3.74;0.3;5/7/2020 11:59:32 AM;00:00:07.5453632;0.00754806;1
1;67;4;WholeRoom;16;-5.519991;-5.411306;249.7306;Box35;1.899;-6.165561;-5.303538;232.7799;0.6561744;;-3.74;0.3;5/7/2020 11:59:32 AM;00:00:07.5562330;0.007558874;1
1;67;4;WholeRoom;16;-5.514722;-5.404027;249.6962;Box35;1.892;-6.159053;-5.300491;232.5473;0.66449;;-3.74;0.3;5/7/2020 11:59:32 AM;00:00:07.5671093;0.007569805;1
1;67;4;WholeRoom;16;-5.509397;-5.395387;249.599;Box35;1.885;-6.151963;-5.297201;232.3338;0.7150915;;-3.74;0.3;5/7/2020 11:59:32 AM;00:00:07.5818346;0.007580632;1
1;67;4;WholeRoom;16;-5.504162;-5.386168;249.309;Box35;1.879;-6.144838;-5.294117;232.1443;0.717015;;-3.74;0.3;5/7/2020 11:59:32 AM;00:00:07.5927560;0.00759539;1
1;67;4;WholeRoom;16;-5.499633;-5.377594;249.1797;Box35;1.872;-6.137677;-5.290962;231.9741;0.5302885;;-3.74;0.3;5/7/2020 11:59:32 AM;00:00:07.6046848;0.007606312;1
1;67;4;WholeRoom;16;-5.495304;-5.366888;248.743;Box35;1.866;-6.130467;-5.287661;231.8038;0.7260267;;-3.74;0.3;5/7/2020 11:59:32 AM;00:00:07.6156806;0.007618074;1
1;67;4;WholeRoom;16;-5.489981;-5.357147;248.5104;Box35;1.859;-6.122826;-5.284478;231.5546;0.7037441;;-3.74;0.3;5/7/2020 11:59:32 AM;00:00:07.6270511;0.007629226;1
1;67;4;WholeRoom;16;-5.48436;-5.34714;248.2798;Box35;1.852;-6.115377;-5.281486;231.293;0.7197945;;-3.74;0.3;5/7/2020 11:59:32 AM;00:00:07.6417435;0.007640567;1
1;67;4;WholeRoom;16;-5.478962;-5.336755;248.0496;Box35;1.845;-6.107659;-5.278577;231.0661;0.727286;;-3.74;0.3;5/7/2020 11:59:32 AM;00:00:07.6526428;0.007655299;1
1;67;4;WholeRoom;16;-5.473627;-5.326796;247.6788;Box35;1.838;-6.100172;-5.275408;230.8402;0.5518798;;-3.74;0.3;5/7/2020 11:59:32 AM;00:00:07.6637302;0.007666195;1
1;67;4;WholeRoom;16;-5.4682;-5.315666;246.7878;null;0.000;-6.092659;-5.272424;230.5915;0.7418292;;-3.74;0.3;5/7/2020 11:59:32 AM;00:00:07.6745565;0.007677303;1
1;67;4;WholeRoom;16;-5.463024;-5.304685;245.8621;null;0.000;-6.084913;-5.269243;230.2987;0.7539173;;-3.74;0.3;5/7/2020 11:59:32 AM;00:00:07.6855422;0.00768814;1
1;67;4;WholeRoom;16;-5.457126;-5.292877;244.9914;null;0.000;-6.07678;-5.265989;230.0146;0.808238;;-3.74;0.3;5/7/2020 11:59:32 AM;00:00:07.7001046;0.007699123;1
1;67;4;WholeRoom;16;-5.452126;-5.281807;244.1624;null;0.000;-6.068834;-5.262725;229.7267;0.7821626;;-3.74;0.3;5/7/2020 11:59:32 AM;00:00:07.7112157;0.007713642;1
1;67;4;WholeRoom;16;-5.442173;-5.259043;242.5744;null;0.000;-6.053115;-5.256636;229.2097;1.161116;;-3.74;0.3;5/7/2020 11:59:32 AM;00:00:07.7224915;0.007724798;1
1;67;4;WholeRoom;16;-5.437954;-5.247202;241.1877;null;0.000;-6.045543;-5.25354;229.0309;0.7332439;;-3.74;0.3;5/7/2020 11:59:32 AM;00:00:07.7338974;0.007736051;1
1;67;4;WholeRoom;16;-5.433287;-5.235543;239.5802;null;0.000;-6.03767;-5.249931;228.8401;0.7696898;;-3.74;0.3;5/7/2020 11:59:32 AM;00:00:07.7448039;0.00774743;1
1;67;4;WholeRoom;16;-5.428313;-5.222892;238.1175;null;0.000;-6.029868;-5.24694;228.7007;0.7343161;;-3.74;0.3;5/7/2020 11:59:32 AM;00:00:07.7592248;0.007758341;1
1;67;4;WholeRoom;16;-5.42462;-5.210618;236.0975;Box40;2.506;-6.022212;-5.243825;228.5627;0.7575018;;-3.472001;0.3;5/7/2020 11:59:32 AM;00:00:07.7701044;0.00777281;1
1;67;4;WholeRoom;16;-5.420439;-5.1987;234.1301;Box40;2.495;-6.014901;-5.240572;228.4737;0.5530688;;-3.472001;0.3;5/7/2020 11:59:32 AM;00:00:07.7817943;0.007783676;1
1;67;4;WholeRoom;16;-5.41567;-5.187062;232.8293;Box40;2.485;-6.007289;-5.237368;228.3328;0.7600259;;-3.472001;0.3;5/7/2020 11:59:32 AM;00:00:07.8017374;0.007795357;1
1;67;4;WholeRoom;16;-5.412161;-5.175411;231.4118;Box40;2.475;-5.99995;-5.234276;228.1736;0.6818013;;-3.472001;0.3;5/7/2020 11:59:32 AM;00:00:07.8127094;0.007815218;1
1;67;4;WholeRoom;16;-5.404598;-5.151767;228.3435;Box40;2.455;-5.986346;-5.228698;227.7301;0.7403318;;-3.472001;0.3;5/7/2020 11:59:32 AM;00:00:07.8275300;0.00782623;1
1;67;4;WholeRoom;16;-5.40074;-5.140637;227.0191;Box40;2.446;-5.979343;-5.225679;227.3975;0.6924821;;-3.472001;0.3;5/7/2020 11:59:32 AM;00:00:07.8385325;0.007840944;1
1;67;4;WholeRoom;16;-5.397172;-5.129549;225.5728;Box40;2.437;-5.973318;-5.223183;226.9795;0.4431929;;-3.472001;0.3;5/7/2020 11:59:32 AM;00:00:07.8495206;0.007852089;1
1;67;4;WholeRoom;16;-5.392778;-5.118122;224.0607;null;0.000;-5.966831;-5.220495;226.6196;0.6300577;;-3.472001;0.3;5/7/2020 11:59:32 AM;00:00:07.8603865;0.007863074;1
1;67;4;WholeRoom;16;-5.389118;-5.106965;222.2967;null;0.000;-5.960051;-5.217452;226.2104;0.6765626;;-3.472001;0.3;5/7/2020 11:59:32 AM;00:00:07.8714164;0.00787391;1
1;67;4;WholeRoom;16;-5.386345;-5.09555;220.3417;null;0.000;-5.954005;-5.214553;225.7873;0.6187748;;-3.472001;0.3;5/7/2020 11:59:32 AM;00:00:07.8863207;0.007884956;1
1;67;4;WholeRoom;16;-5.383526;-5.083582;218.1614;null;0.000;-5.948294;-5.211691;225.3963;0.5782742;;-3.472001;0.3;5/7/2020 11:59:32 AM;00:00:07.8973205;0.007899879;1
1;67;4;WholeRoom;16;-5.381506;-5.072868;216.1058;null;0.000;-5.942462;-5.208797;225.0149;0.4362667;;-3.472001;0.3;5/7/2020 11:59:32 AM;00:00:07.9083222;0.007910882;1
1;67;4;WholeRoom;16;-5.379401;-5.062444;214.0568;null;0.000;-5.936329;-5.205579;224.6473;0.6294021;;-3.472001;0.3;5/7/2020 11:59:32 AM;00:00:07.9192732;0.007921896;1
1;67;4;WholeRoom;16;-5.37718;-5.051061;212.21;null;0.000;-5.930496;-5.202951;224.2977;0.5808639;;-3.472001;0.3;5/7/2020 11:59:32 AM;00:00:07.9309385;0.007932845;1
1;67;4;WholeRoom;16;-5.37592;-5.041095;210.2408;null;0.000;-5.924844;-5.199845;224.0422;0.5890941;;-3.472001;0.3;5/7/2020 11:59:32 AM;00:00:07.9456559;0.007944502;1
1;67;4;WholeRoom;16;-5.374443;-5.030787;208.3385;null;0.000;-5.919228;-5.196768;223.7659;0.5492895;;-3.472001;0.3;5/7/2020 11:59:32 AM;00:00:07.9654925;0.007959174;1
1;67;4;WholeRoom;16;-5.373752;-5.011924;204.2818;null;0.000;-5.908275;-5.190775;223.3697;0.8509568;;-3.472001;0.3;5/7/2020 11:59:32 AM;00:00:07.9763115;0.007978879;1
1;67;4;WholeRoom;16;-5.373267;-5.002864;202.1838;null;0.000;-5.902849;-5.188046;223.1617;0.3082322;;-3.472001;0.3;5/7/2020 11:59:32 AM;00:00:07.9872441;0.007989894;1
1;67;4;WholeRoom;16;-5.372489;-4.9941;200.2403;null;0.000;-5.896899;-5.184996;222.9427;0.6070182;;-3.472001;0.3;5/7/2020 11:59:32 AM;00:00:07.9984602;0.008000823;1
1;67;4;WholeRoom;16;-5.37198;-4.985042;198.3727;null;0.000;-5.891876;-5.182216;222.7253;0.5252988;;-3.472001;0.3;5/7/2020 11:59:32 AM;00:00:08.0130385;0.008012025;1
1;67;4;WholeRoom;16;-5.371703;-4.97649;196.7498;Box24;0.781;-5.886658;-5.179126;222.4521;0.5413799;;-5.544;0.3;5/7/2020 11:59:32 AM;00:00:08.0241602;0.008026597;1
1;67;4;WholeRoom;16;-5.370249;-4.960487;194.93;Box24;0.769;-5.876086;-5.172251;221.9909;0.8653861;;-5.544;0.3;5/7/2020 11:59:32 AM;00:00:08.0354782;0.008037696;1
1;67;4;WholeRoom;16;-5.376993;-4.952257;192.9449;Box24;0.762;-5.871299;-5.168791;221.7719;0.5321895;;-5.544;0.3;5/7/2020 11:59:32 AM;00:00:08.0464782;0.008048977;1
1;67;4;WholeRoom;16;-5.369307;-4.949952;189.3468;Box24;0.762;-5.86592;-5.165055;221.621;0.5805725;;-5.544;0.3;5/7/2020 11:59:32 AM;00:00:08.0575621;0.008060007;1
1;67;4;WholeRoom;16;-5.348677;-4.94921;194.6191;Box24;0.767;-5.860467;-5.161141;221.4889;0.6085124;;-5.544;0.3;5/7/2020 11:59:32 AM;00:00:08.0723849;0.008071098;1
1;67;4;WholeRoom;16;-5.339614;-4.945842;200.6706;Box24;0.767;-5.854906;-5.15676;221.4211;0.6383591;;-5.544;0.3;5/7/2020 11:59:32 AM;00:00:08.0833836;0.008085839;1
1;67;4;WholeRoom;16;-5.333455;-4.938773;202.8241;null;0.000;-5.849601;-5.152586;221.3464;0.4579404;;-5.544;0.3;5/7/2020 11:59:32 AM;00:00:08.0942213;0.008096953;1
1;67;4;WholeRoom;16;-5.337395;-4.929714;202.4629;null;0.000;-5.844317;-5.148265;221.2303;0.6140582;;-5.544;0.3;5/7/2020 11:59:32 AM;00:00:08.1054376;0.008107779;1
1;67;4;WholeRoom;16;-5.337845;-4.923279;198.949;null;0.000;-5.839353;-5.14394;221.0314;0.6081642;;-5.544;0.3;5/7/2020 11:59:32 AM;00:00:08.1164845;0.008119011;1
1;67;4;WholeRoom;16;-5.337782;-4.917475;195.8245;null;0.000;-5.83404;-5.139528;220.7989;0.6148058;;-5.544;0.3;5/7/2020 11:59:32 AM;00:00:08.1310614;0.008130065;1
1;67;4;WholeRoom;16;-5.335476;-4.913478;194.2612;Box24;0.745;-5.828699;-5.134681;220.6902;0.6524357;;-5.544;0.3;5/7/2020 11:59:32 AM;00:00:08.1420127;0.008144586;1
1;67;4;WholeRoom;16;-5.335934;-4.907429;192.4963;Box24;0.741;-5.823391;-5.129728;220.7023;0.499932;;-5.544;0.3;5/7/2020 11:59:32 AM;00:00:08.1530589;0.008155587;1
1;67;4;WholeRoom;16;-5.336987;-4.902747;188.9373;Box24;0.737;-5.818057;-5.124869;220.7156;0.6559708;;-5.544;0.3;5/7/2020 11:59:32 AM;00:00:08.1642503;0.008166575;1
1;67;4;WholeRoom;16;-5.334402;-4.896746;185.9576;Box24;0.734;-5.812814;-5.119745;220.8244;0.6671519;;-5.544;0.3;5/7/2020 11:59:32 AM;00:00:08.1754563;0.008177777;1
1;67;4;WholeRoom;16;-5.33159;-4.892022;184.078;Box24;0.732;-5.807616;-5.114071;221.0247;0.6869384;;-5.544;0.3;5/7/2020 11:59:32 AM;00:00:08.1900686;0.008188982;1
1;67;4;WholeRoom;16;-5.330307;-4.888433;183.932;Box24;0.730;-5.802379;-5.108205;221.2813;0.7018692;;-5.544;0.3;5/7/2020 11:59:32 AM;00:00:08.2010188;0.008203631;1
1;67;4;WholeRoom;16;-5.324246;-4.884257;185.0665;Box24;0.729;-5.797091;-5.102044;221.5308;0.5542085;;-5.544;0.3;5/7/2020 11:59:32 AM;00:00:08.2119501;0.0082146;1
1;67;4;WholeRoom;16;-5.318189;-4.878942;186.6292;Box24;0.727;-5.791687;-5.095912;221.792;0.745057;;-5.544;0.3;5/7/2020 11:59:32 AM;00:00:08.2228942;0.008225524;1
1;67;4;WholeRoom;16;-5.315198;-4.875961;187.4944;Box24;0.726;-5.786404;-5.08993;222.053;0.730674;;-5.544;0.3;5/7/2020 11:59:32 AM;00:00:08.2340029;0.008236485;1
1;67;4;WholeRoom;16;-5.310805;-4.871827;188.1386;Box24;0.725;-5.781244;-5.083595;222.3608;0.7453957;;-5.544;0.3;5/7/2020 11:59:32 AM;00:00:08.2488752;0.008247585;1
1;67;4;WholeRoom;16;-5.306727;-4.867596;187.7799;Box24;0.723;-5.776232;-5.077348;222.6774;0.721577;;-5.544;0.3;5/7/2020 11:59:32 AM;00:00:08.2598955;0.008262342;1
1;67;4;WholeRoom;16;-5.304007;-4.858262;184.3342;Box24;0.718;-5.765506;-5.063578;223.5796;1.182774;;-5.544;0.3;5/7/2020 11:59:32 AM;00:00:08.2802208;0.008273484;1
1;67;4;WholeRoom;16;-5.301834;-4.853675;182.0108;Box24;0.716;-5.760186;-5.056306;224.0686;0.8085987;;-5.544;0.3;5/7/2020 11:59:32 AM;00:00:08.2910663;0.008293746;1
1;67;4;WholeRoom;16;-5.297542;-4.845729;178.6989;Box24;0.712;-5.749932;-5.042064;225.0642;0.8661695;;-5.544;0.3;5/7/2020 11:59:32 AM;00:00:08.3023604;0.008304591;1
1;67;4;WholeRoom;16;-5.2932;-4.841678;177.8539;Box24;0.711;-5.744717;-5.034872;225.52;0.8192168;;-5.544;0.3;5/7/2020 11:59:32 AM;00:00:08.3173192;0.008315898;1
1;67;4;WholeRoom;16;-5.291081;-4.838717;177.3557;Box24;0.710;-5.739542;-5.027971;225.9512;0.7627522;;-5.544;0.3;5/7/2020 11:59:32 AM;00:00:08.3282530;0.008330763;1
1;67;4;WholeRoom;16;-5.286729;-4.834414;177.1053;Box24;0.709;-5.734757;-5.020538;226.334;0.5947006;;-5.544;0.3;5/7/2020 11:59:32 AM;00:00:08.3392037;0.008341784;1
1;67;4;WholeRoom;16;-5.282815;-4.830581;176.668;Box24;0.708;-5.729703;-5.013422;226.7029;0.7920496;;-5.544;0.3;5/7/2020 11:59:32 AM;00:00:08.3503185;0.00835279;1
1;67;4;WholeRoom;16;-5.279458;-4.826549;175.9686;Box24;0.707;-5.724895;-5.006437;227.0563;0.7704111;;-5.544;0.3;5/7/2020 11:59:32 AM;00:00:08.3614839;0.008363854;1
1;67;4;WholeRoom;16;-5.275425;-4.822581;175.1045;Box24;0.706;-5.72014;-4.99933;227.4091;0.7729564;;-5.544;0.3;5/7/2020 11:59:32 AM;00:00:08.3761187;0.008375069;1
1;67;4;WholeRoom;16;-5.271511;-4.818745;174.2721;Box24;0.706;-5.715336;-4.991432;227.7387;0.8241933;;-5.544;0.3;5/7/2020 11:59:32 AM;00:00:08.3871381;0.008389691;1
1;67;4;WholeRoom;16;-5.267816;-4.815488;173.5483;Box24;0.705;-5.710942;-4.984289;227.9868;0.5735719;;-5.544;0.3;5/7/2020 11:59:33 AM;00:00:08.3984493;0.008400719;1
1;67;4;WholeRoom;16;-5.262974;-4.812255;173.1788;Box24;0.705;-5.705866;-4.976199;228.1596;0.8659852;;-5.544;0.3;5/7/2020 11:59:33 AM;00:00:08.4094487;0.008412024;1
1;67;4;WholeRoom;16;-5.258137;-4.808718;172.7986;Box24;0.705;-5.700945;-4.968955;228.4054;0.7747116;;-5.544;0.3;5/7/2020 11:59:33 AM;00:00:08.4207265;0.008423015;1
1;67;4;WholeRoom;16;-5.253067;-4.806652;172.6942;Box24;0.706;-5.696177;-4.961864;228.6647;0.7774504;;-5.544;0.3;5/7/2020 11:59:33 AM;00:00:08.4354627;0.008434271;1
1;67;4;WholeRoom;16;-5.247377;-4.803458;172.67;Box24;0.707;-5.691727;-4.954514;228.9185;0.7634246;;-5.544;0.3;5/7/2020 11:59:33 AM;00:00:08.4465082;0.008449055;1
1;67;4;WholeRoom;16;-5.241287;-4.800817;173.236;Box24;0.708;-5.687205;-4.9474;229.1009;0.5700889;;-5.544;0.3;5/7/2020 11:59:33 AM;00:00:08.4574784;0.008460042;1
1;67;4;WholeRoom;16;-5.236387;-4.797454;174.3372;Box24;0.708;-5.682325;-4.940498;229.2931;0.769396;;-5.544;0.3;5/7/2020 11:59:33 AM;00:00:08.4685594;0.008471058;1
1;67;4;WholeRoom;16;-5.231634;-4.79386;174.905;Box24;0.708;-5.677621;-4.932639;229.475;0.8314815;;-5.544;0.3;5/7/2020 11:59:33 AM;00:00:08.4794571;0.008482133;1
1;67;4;WholeRoom;16;-5.226603;-4.790547;175.7464;Box24;0.708;-5.673171;-4.925692;229.6404;0.7448872;;-5.544;0.3;5/7/2020 11:59:33 AM;00:00:08.4943266;0.008492982;1
1;67;4;WholeRoom;16;-5.221524;-4.787799;176.3462;Box24;0.709;-5.668464;-4.918823;229.8192;0.7675641;;-5.544;0.3;5/7/2020 11:59:33 AM;00:00:08.5054315;0.008507802;1
1;67;4;WholeRoom;16;-5.211617;-4.783101;177.4096;Box24;0.711;-5.659744;-4.90527;230.2531;1.087433;;-5.544;0.3;5/7/2020 11:59:33 AM;00:00:08.5165246;0.008519007;1
1;67;4;WholeRoom;16;-5.206044;-4.780149;177.1786;Box24;0.712;-5.655643;-4.898698;230.4626;0.691294;;-5.544;0.3;5/7/2020 11:59:33 AM;00:00:08.5275378;0.008530086;1
1;67;4;WholeRoom;16;-5.201178;-4.77752;176.9698;Box24;0.713;-5.650869;-4.891613;230.6784;0.7711724;;-5.544;0.3;5/7/2020 11:59:33 AM;00:00:08.5387573;0.008541098;1
1;67;4;WholeRoom;16;-5.195567;-4.775036;177.1501;Box24;0.715;-5.646502;-4.885133;230.8973;0.7095523;;-5.544;0.3;5/7/2020 11:59:33 AM;00:00:08.5535650;0.008552338;1
1;67;4;WholeRoom;16;-5.188309;-4.771503;177.4682;Box24;0.716;-5.642032;-4.878893;231.1094;0.6829298;;-5.544;0.3;5/7/2020 11:59:33 AM;00:00:08.5647976;0.008567103;1
1;67;4;WholeRoom;16;-5.182428;-4.768685;177.9361;Box24;0.718;-5.637438;-4.872163;231.3313;0.5518352;;-5.544;0.3;5/7/2020 11:59:33 AM;00:00:08.5759807;0.008578362;1
1;67;4;WholeRoom;16;-5.176471;-4.766143;178.5377;Box24;0.719;-5.632689;-4.865854;231.5596;0.7013912;;-5.544;0.3;5/7/2020 11:59:33 AM;00:00:08.5871395;0.008589544;1
1;67;4;WholeRoom;16;-5.168509;-4.762995;179.3634;null;0.000;-5.628094;-4.859694;231.7865;0.6871729;;-5.544;0.3;5/7/2020 11:59:33 AM;00:00:08.6019709;0.008600735;1
1;67;4;WholeRoom;16;-5.161187;-4.760504;180.539;null;0.000;-5.623832;-4.853269;232.0152;0.6890403;Box24;-5.544;0.3;5/7/2020 11:59:33 AM;00:00:08.6138267;0.008615517;1
1;67;4;WholeRoom;16;-5.153776;-4.75828;181.7007;null;0.000;-5.61931;-4.847105;232.2451;0.5171518;Box24;-5.544;0.3;5/7/2020 11:59:33 AM;00:00:08.6254346;0.008627361;1
1;67;4;WholeRoom;16;-5.14453;-4.756099;183.3417;null;0.000;-5.614527;-4.841043;232.4971;0.6519371;Box24;-5.544;0.3;5/7/2020 11:59:33 AM;00:00:08.6368314;0.008638898;1
1;67;4;WholeRoom;16;-5.136729;-4.754225;184.7927;null;0.000;-5.609898;-4.834869;232.776;0.6688946;Box24;-5.544;0.3;5/7/2020 11:59:33 AM;00:00:08.6485847;0.008650389;1
1;67;4;WholeRoom;16;-5.12887;-4.753114;185.9903;null;0.000;-5.60556;-4.82896;233.0774;0.6378859;Box24;-5.544;0.3;5/7/2020 11:59:33 AM;00:00:08.6635780;0.008662088;1
1;67;4;WholeRoom;16;-5.112604;-4.750625;188.6064;null;0.000;-5.595748;-4.817101;233.7001;1.315739;Box24;-5.544;0.3;5/7/2020 11:59:33 AM;00:00:08.6747411;0.008676981;1
1;67;4;WholeRoom;16;-5.103509;-4.749655;190.2095;null;0.000;-5.591038;-4.811494;234.0314;0.4916695;Box24;-5.544;0.3;5/7/2020 11:59:33 AM;00:00:08.6859374;0.008688319;1
1;67;4;WholeRoom;16;-5.095677;-4.748711;191.6123;null;0.000;-5.586207;-4.806159;234.3563;0.6348468;Box24;-5.544;0.3;5/7/2020 11:59:33 AM;00:00:08.6974363;0.0086995;1
1;67;4;WholeRoom;16;-5.087772;-4.747904;192.7247;null;0.000;-5.581158;-4.800405;234.6517;0.6846334;Box24;-5.544;0.3;5/7/2020 11:59:33 AM;00:00:08.7121628;0.008710995;1
1;67;4;WholeRoom;16;-5.078941;-4.747283;193.8995;null;0.000;-5.576468;-4.795095;234.9579;0.6162762;Box24;-5.544;0.3;5/7/2020 11:59:33 AM;00:00:08.7233859;0.008725711;1
1;67;4;WholeRoom;16;-5.07135;-4.747259;195.2555;null;0.000;-5.571693;-4.790264;235.2397;0.4615884;Box24;-5.544;0.3;5/7/2020 11:59:33 AM;00:00:08.7356978;0.008736911;1
1;67;4;WholeRoom;16;-5.062644;-4.747471;196.8292;null;0.000;-5.567081;-4.785186;235.5256;0.6124601;Box24;-5.544;0.3;5/7/2020 11:59:33 AM;00:00:08.7563631;0.008749113;1
1;67;4;WholeRoom;16;-5.053036;-4.748222;198.6498;null;0.000;-5.562478;-4.780357;235.8219;0.5467404;Box24;-5.544;0.3;5/7/2020 11:59:33 AM;00:00:08.7677902;0.008769781;1
1;67;4;WholeRoom;16;-5.037611;-4.750618;202.4399;null;0.000;-5.554242;-4.770983;236.4622;0.6037609;Box24;-5.544;0.3;5/7/2020 11:59:33 AM;00:00:08.7826442;0.008781319;1
1;67;4;WholeRoom;16;-5.026509;-4.754485;205.9129;null;0.000;-5.549557;-4.766402;236.7823;0.5679115;Box24;-5.544;0.3;5/7/2020 11:59:33 AM;00:00:08.7936617;0.008796077;1
1;67;4;WholeRoom;16;-5.024065;-4.743814;203.7858;null;0.000;-5.541011;-4.757114;237.3174;0.8552017;Box24;-5.544;0.3;5/7/2020 11:59:33 AM;00:00:08.8049338;0.008807223;1
1;67;4;WholeRoom;16;-5.016296;-4.746341;201.5977;null;0.000;-5.536367;-4.752721;237.5421;0.5735483;Box24;-5.544;0.3;5/7/2020 11:59:33 AM;00:00:08.8162079;0.008818458;1
1;67;4;WholeRoom;16;-5.005543;-4.744674;202.6104;null;0.000;-5.531674;-4.748578;237.7749;0.5572311;Box24;-5.544;0.3;5/7/2020 11:59:33 AM;00:00:08.8313161;0.008829753;1
1;67;4;WholeRoom;16;-4.994464;-4.748473;205.6756;null;0.000;-5.527118;-4.744706;237.9521;0.5293968;Box24;-5.544;0.3;5/7/2020 11:59:33 AM;00:00:08.8428380;0.00884484;1
1;67;4;WholeRoom;16;-4.985093;-4.751964;208.4333;null;0.000;-5.522601;-4.740749;238.1123;0.3980074;Box24;-5.544;0.3;5/7/2020 11:59:33 AM;00:00:08.8542645;0.00885628;1
1;67;4;WholeRoom;16;-4.97758;-4.752046;209.7193;null;0.000;-5.518079;-4.736788;238.2731;0.5255076;Box24;-5.544;0.3;5/7/2020 11:59:33 AM;00:00:08.8654194;0.008867837;1
1;67;4;WholeRoom;16;-4.970749;-4.751958;210.4653;null;0.000;-5.513547;-4.732841;238.4193;0.5199662;Box24;-5.544;0.3;5/7/2020 11:59:33 AM;00:00:08.8768621;0.008878986;1
1;67;4;WholeRoom;16;-4.962926;-4.753286;211.7473;null;0.000;-5.509054;-4.729068;238.5458;0.5262464;Box24;-5.544;0.3;5/7/2020 11:59:33 AM;00:00:08.8918730;0.008890356;1
1;67;4;WholeRoom;16;-4.953577;-4.758006;214.3685;null;0.000;-5.504056;-4.725444;238.6779;0.5430246;Box24;-5.544;0.3;5/7/2020 11:59:33 AM;00:00:08.9031478;0.008905417;1
1;67;4;WholeRoom;16;-4.945093;-4.762321;218.2679;null;0.000;-5.498987;-4.721331;238.8142;0.4334176;Box24;-5.544;0.3;5/7/2020 11:59:33 AM;00:00:08.9143933;0.008916724;1
1;67;4;WholeRoom;16;-4.938064;-4.760393;220.0151;null;0.000;-5.493738;-4.717413;238.9472;0.5792639;Box24;-5.544;0.3;5/7/2020 11:59:33 AM;00:00:08.9256292;0.00892795;1
1;67;4;WholeRoom;16;-4.933846;-4.758029;219.4241;null;0.000;-5.488921;-4.713854;239.0657;0.5335473;Box24;-5.544;0.3;5/7/2020 11:59:33 AM;00:00:08.9406331;0.008939179;1
1;67;4;WholeRoom;16;-4.92746;-4.758753;218.662;null;0.000;-5.483858;-4.709773;239.1743;0.5791392;Box24;-5.544;0.3;5/7/2020 11:59:33 AM;00:00:08.9517293;0.008954032;1
1;67;4;WholeRoom;16;-4.913784;-4.757899;219.0316;null;0.000;-5.473175;-4.702753;239.3168;0.8606037;Box24;-5.544;0.3;5/7/2020 11:59:33 AM;00:00:08.9627242;0.008965305;1
1;67;4;WholeRoom;16;-4.906785;-4.759601;219.6651;null;0.000;-5.468018;-4.69931;239.3696;0.5500861;Box24;-5.544;0.3;5/7/2020 11:59:33 AM;00:00:08.9737488;0.008976317;1
1;67;4;WholeRoom;16;-4.897559;-4.762868;220.9304;null;0.000;-5.462472;-4.696042;239.3571;0.5845462;Box24;-5.544;0.3;5/7/2020 11:59:33 AM;00:00:08.9847103;0.008987329;1
1;67;4;WholeRoom;16;-4.889636;-4.764888;222.8569;null;0.000;-5.456991;-4.692906;239.3203;0.5734296;Box24;-5.544;0.3;5/7/2020 11:59:33 AM;00:00:08.9996451;0.008998283;1
1;67;4;WholeRoom;16;-4.881424;-4.766586;224.9996;null;0.000;-5.451724;-4.689885;239.2671;0.5543671;Box24;-5.544;0.3;5/7/2020 11:59:33 AM;00:00:09.0109543;0.009013219;1
1;67;4;WholeRoom;16;-4.871762;-4.767588;227.1969;Box40;1.817;-5.446233;-4.686882;239.2114;0.419008;Box24;-3.472001;0.3;5/7/2020 11:59:33 AM;00:00:09.0220808;0.009024529;1
1;67;4;WholeRoom;16;-4.865001;-4.769224;229.0579;Box40;1.813;-5.440976;-4.683932;239.1888;0.5330459;Box24;-3.472001;0.3;5/7/2020 11:59:33 AM;00:00:09.0333909;0.009035634;1
1;67;4;WholeRoom;16;-4.85767;-4.769613;230.4679;Box40;1.808;-5.435462;-4.68097;239.1222;0.5636699;Box24;-3.472001;0.3;5/7/2020 11:59:33 AM;00:00:09.0486581;0.00904692;1
1;67;4;WholeRoom;16;-4.849716;-4.769097;230.9736;Box40;1.801;-5.429416;-4.678099;239.0137;0.5930206;Box24;-3.472001;0.3;5/7/2020 11:59:33 AM;00:00:09.0685288;0.009062129;1
1;67;4;WholeRoom;16;-4.842839;-4.768615;230.7446;Box40;1.796;-5.423287;-4.675181;238.897;0.4463001;Box24;-3.472001;0.3;5/7/2020 11:59:33 AM;00:00:09.0796308;0.009082086;1
1;67;4;WholeRoom;16;-4.827634;-4.76772;230.7727;Box40;1.784;-5.410698;-4.66957;238.6245;0.6906239;Box24;-3.472001;0.3;5/7/2020 11:59:33 AM;00:00:09.0908949;0.009093205;1
1;67;4;WholeRoom;16;-4.81883;-4.766882;231.3615;Box40;1.776;-5.404172;-4.666658;238.5022;0.6426926;Box24;-3.472001;0.3;5/7/2020 11:59:33 AM;00:00:09.1058636;0.009104446;1
1;67;4;WholeRoom;16;-4.810278;-4.766626;232.6903;Box40;1.770;-5.397743;-4.663992;238.3823;0.6192367;Box24;-3.472001;0.3;5/7/2020 11:59:33 AM;00:00:09.1171253;0.009119331;1
1;67;4;WholeRoom;16;-4.800569;-4.765632;234.6869;Box40;1.762;-5.391298;-4.661427;238.238;0.4660339;Box24;-3.472001;0.3;5/7/2020 11:59:33 AM;00:00:09.1282650;0.009130713;1
1;67;4;WholeRoom;16;-4.792227;-4.765058;236.2929;Box40;1.755;-5.38444;-4.659046;238.0509;0.6377826;Box24;-3.472001;0.3;5/7/2020 11:59:33 AM;00:00:09.1395689;0.009141846;1
1;67;4;WholeRoom;16;-4.784043;-4.764073;237.9103;Box40;1.749;-5.378166;-4.65623;237.8428;0.6177264;Box24;-3.472001;0.3;5/7/2020 11:59:33 AM;00:00:09.1542178;0.009153097;1
1;67;4;WholeRoom;16;-4.775196;-4.760817;238.6758;Box40;1.740;-5.370959;-4.653903;237.5621;0.6730615;Box24;-3.472001;0.3;5/7/2020 11:59:33 AM;00:00:09.1663088;0.009167811;1
1;67;4;WholeRoom;16;-4.759219;-4.755859;239.161;Box40;1.725;-5.357118;-4.649717;237.1345;0.9827955;Box24;-3.472001;0.3;5/7/2020 11:59:33 AM;00:00:09.1775517;0.009179885;1
1;67;4;WholeRoom;16;-4.751806;-4.751967;238.5756;Box40;1.717;-5.34973;-4.647533;236.9409;0.6380024;Box24;-3.472001;0.3;5/7/2020 11:59:33 AM;00:00:09.1893922;0.009191096;1
1;67;4;WholeRoom;16;-4.743468;-4.748396;238.7354;Box40;1.709;-5.342463;-4.645574;236.7868;0.6714275;Box24;-3.472001;0.3;5/7/2020 11:59:33 AM;00:00:09.2059145;0.009202892;1
1;67;4;WholeRoom;16;-4.734947;-4.745144;239.4823;Box40;1.701;-5.335317;-4.643383;236.6342;0.6336311;Box24;-3.472001;0.3;5/7/2020 11:59:33 AM;00:00:09.2175259;0.009219368;1
1;67;4;WholeRoom;16;-4.726346;-4.740935;240.2429;Box40;1.692;-5.328;-4.641472;236.4991;0.458995;Box24;-3.472001;0.3;5/7/2020 11:59:33 AM;00:00:09.2287785;0.009231115;1
1;67;4;WholeRoom;16;-4.718463;-4.73717;241.0816;Box40;1.684;-5.320932;-4.639767;236.28;0.6188765;Box24;-3.472001;0.3;5/7/2020 11:59:33 AM;00:00:09.2403736;0.009242353;1
1;67;4;WholeRoom;16;-4.709863;-4.731415;241.9414;Box40;1.674;-5.313753;-4.63775;236.0386;0.6635779;Box24;-3.472001;0.3;5/7/2020 11:59:33 AM;00:00:09.2552355;0.009253885;1
1;67;4;WholeRoom;16;-4.70134;-4.726612;242.3845;Box40;1.664;-5.306196;-4.635979;235.8022;0.6730846;Box24;-3.472001;0.3;5/7/2020 11:59:33 AM;00:00:09.2664994;0.009268766;1
1;67;4;WholeRoom;16;-4.687145;-4.714126;241.3788;null;0.000;-5.291139;-4.63265;235.2676;1.036251;Box24;-3.472001;0.3;5/7/2020 11:59:33 AM;00:00:09.2777189;0.009280077;1
1;67;4;WholeRoom;16;-4.67874;-4.70719;240.9341;Box40;1.636;-5.283397;-4.630808;234.9913;0.7035607;Box24;-3.472001;0.3;5/7/2020 11:59:33 AM;00:00:09.2889346;0.009291306;1
1;67;4;WholeRoom;16;-4.672012;-4.700728;240.6245;Box40;1.627;-5.275709;-4.628808;234.7011;0.7074408;Box24;-3.472001;0.3;5/7/2020 11:59:33 AM;00:00:09.3038002;0.009302505;1
1;67;4;WholeRoom;16;-4.66474;-4.69467;240.9662;Box40;1.618;-5.268106;-4.626778;234.4175;0.7026235;Box24;-3.472001;0.3;5/7/2020 11:59:33 AM;00:00:09.3151743;0.009317343;1
1;67;4;WholeRoom;16;-4.656288;-4.688377;241.3626;Box40;1.608;-5.260423;-4.624919;234.1648;0.5327091;Box24;-3.472001;0.3;5/7/2020 11:59:33 AM;00:00:09.3267146;0.00932865;1
1;67;4;WholeRoom;16;-4.649754;-4.682712;241.8812;Box40;1.600;-5.252851;-4.622988;233.9073;0.6911482;Box24;-3.472001;0.3;5/7/2020 11:59:33 AM;00:00:09.3384453;0.009340187;1
1;67;4;WholeRoom;16;-4.642568;-4.676195;242.0793;Box40;1.591;-5.245223;-4.621187;233.6576;0.6794215;null;-3.472001;0.3;5/7/2020 11:59:33 AM;00:00:09.3533852;0.009352023;1
1;67;4;WholeRoom;16;-4.634498;-4.668786;242.0078;Box40;1.580;-5.23728;-4.618945;233.4396;0.6972622;null;-3.472001;0.3;5/7/2020 11:59:33 AM;00:00:09.3647812;0.009366958;1
1;67;4;WholeRoom;16;-4.621829;-4.652911;240.5179;Box40;1.562;-5.222886;-4.615089;233.1165;0.9977088;null;-3.472001;0.3;5/7/2020 11:59:33 AM;00:00:09.3852372;0.009378291;1
1;67;4;WholeRoom;16;-4.614299;-4.645039;239.6733;Box40;1.551;-5.215383;-4.613241;233.0036;0.681907;null;-3.472001;0.3;5/7/2020 11:59:34 AM;00:00:09.3964234;0.009398701;1
1;67;4;WholeRoom;16;-4.608226;-4.638071;239.0857;Box40;1.543;-5.208125;-4.611164;232.8637;0.3698584;null;-3.472001;0.3;5/7/2020 11:59:34 AM;00:00:09.4113401;0.009410017;1
1;67;4;WholeRoom;16;-4.601733;-4.630117;238.5814;Box40;1.533;-5.201192;-4.609242;232.6808;0.6357558;null;-3.472001;0.3;5/7/2020 11:59:34 AM;00:00:09.4227100;0.009424932;1
1;67;4;WholeRoom;16;-4.590271;-4.613824;236.9778;Box40;1.515;-5.187737;-4.605433;232.2194;0.9375718;null;-3.472001;0.3;5/7/2020 11:59:34 AM;00:00:09.4341270;0.009436272;1
1;67;4;WholeRoom;16;-4.585724;-4.604976;235.9041;Box40;1.507;-5.181456;-4.603495;231.9287;0.5795889;null;-3.472001;0.3;5/7/2020 11:59:34 AM;00:00:09.4453689;0.009447715;1
1;67;4;WholeRoom;16;-4.58035;-4.595497;234.7542;Box40;1.497;-5.17543;-4.601618;231.6477;0.5515578;null;-3.472001;0.3;5/7/2020 11:59:34 AM;00:00:09.4604292;0.009458917;1
1;67;4;WholeRoom;16;-4.576599;-4.58594;233.3141;Box40;1.489;-5.168974;-4.599638;231.3853;0.602845;null;-3.472001;0.3;5/7/2020 11:59:34 AM;00:00:09.4718937;0.009473852;1
1;67;4;WholeRoom;16;-4.572177;-4.577023;232.04;Box40;1.480;-5.163479;-4.59749;231.0864;0.3950213;null;-3.472001;0.3;5/7/2020 11:59:34 AM;00:00:09.4838000;0.009485454;1
1;67;4;WholeRoom;16;-4.567491;-4.56814;230.9926;Box40;1.472;-5.157684;-4.595555;230.8086;0.5265827;null;-3.472001;0.3;5/7/2020 11:59:34 AM;00:00:09.4951366;0.009497365;1
1;67;4;WholeRoom;16;-4.563125;-4.559353;229.8916;Box40;1.463;-5.151936;-4.593441;230.5247;0.51421;null;-3.472001;0.3;5/7/2020 11:59:34 AM;00:00:09.5101585;0.009508722;1
1;67;4;WholeRoom;16;-4.559051;-4.550314;228.5554;Box40;1.455;-5.146312;-4.591608;230.2214;0.5208184;null;-3.472001;0.3;5/7/2020 11:59:34 AM;00:00:09.5215005;0.009523732;1
1;67;4;WholeRoom;16;-4.551769;-4.531951;225.2883;Box40;1.439;-5.13579;-4.588123;229.5118;0.7384312;null;-3.472001;0.3;5/7/2020 11:59:34 AM;00:00:09.5331866;0.009535071;1
1;67;4;WholeRoom;16;-4.548925;-4.522823;223.2751;Box40;1.432;-5.130684;-4.586248;229.1296;0.479722;null;-3.472001;0.3;5/7/2020 11:59:34 AM;00:00:09.5446162;0.009546704;1
1;67;4;WholeRoom;16;-4.547325;-4.513644;221.2524;Box40;1.426;-5.125245;-4.584057;228.7824;0.504111;null;-3.472001;0.3;5/7/2020 11:59:34 AM;00:00:09.5595986;0.009558199;1
1;67;4;WholeRoom;16;-4.545262;-4.504145;219.2302;Box40;1.419;-5.119878;-4.582049;228.4978;0.4984101;null;-3.472001;0.3;5/7/2020 11:59:34 AM;00:00:09.5711094;0.009573152;1
1;67;4;WholeRoom;16;-4.543395;-4.494305;217.4381;null;0.000;-5.114817;-4.580004;228.2167;0.3651017;null;-3.472001;0.3;5/7/2020 11:59:34 AM;00:00:09.5827048;0.009584542;1
1;67;4;WholeRoom;16;-4.541995;-4.48525;215.6948;null;0.000;-5.109267;-4.577789;227.9431;0.5245546;null;-3.472001;0.3;5/7/2020 11:59:34 AM;00:00:09.5939422;0.009596262;1
1;67;4;WholeRoom;16;-4.54064;-4.476104;214.1758;null;0.000;-5.104176;-4.575625;227.7305;0.4720881;null;-3.472001;0.3;5/7/2020 11:59:34 AM;00:00:09.6090318;0.009607523;1
1;67;4;WholeRoom;16;-4.539344;-4.466992;212.6765;null;0.000;-5.098788;-4.5734;227.5159;0.5176597;null;-3.472001;0.3;5/7/2020 11:59:34 AM;00:00:09.6204112;0.009622609;1
1;67;4;WholeRoom;16;-4.537592;-4.448667;209.3867;null;0.000;-5.087562;-4.567994;227.1213;0.8258855;null;-3.472001;0.3;5/7/2020 11:59:34 AM;00:00:09.6324167;0.009633959;1
1;67;4;WholeRoom;16;-4.537319;-4.439389;207.7317;null;0.000;-5.082065;-4.565262;226.9435;0.540844;null;-3.472001;0.3;5/7/2020 11:59:34 AM;00:00:09.6437534;0.009645976;1
1;67;4;WholeRoom;16;-4.53688;-4.43029;206.0405;null;0.000;-5.07678;-4.562384;226.7854;0.5007573;null;-3.472001;0.3;5/7/2020 11:59:34 AM;00:00:09.6586681;0.009657279;1
1;67;4;WholeRoom;16;-4.536894;-4.421387;204.3221;null;0.000;-5.071205;-4.559225;226.6465;0.5670092;null;-3.472001;0.3;5/7/2020 11:59:34 AM;00:00:09.6701290;0.009672218;1
1;67;4;WholeRoom;16;-4.536704;-4.412635;202.4902;null;0.000;-5.065624;-4.556002;226.5435;0.4313819;null;-3.472001;0.3;5/7/2020 11:59:34 AM;00:00:09.6817092;0.009683688;1
1;67;4;WholeRoom;16;-4.53625;-4.404325;200.9925;null;0.000;-5.060346;-4.552965;226.4336;0.5309089;null;-3.472001;0.3;5/7/2020 11:59:34 AM;00:00:09.7019737;0.009695244;1
1;67;4;WholeRoom;16;-4.535086;-4.39581;199.696;null;0.000;-5.055061;-4.549667;226.3534;0.5390826;null;-3.472001;0.3;5/7/2020 11:59:34 AM;00:00:09.7171200;0.009715449;1
1;67;4;WholeRoom;16;-4.534482;-4.37865;196.6596;null;0.000;-5.044478;-4.542679;226.1122;0.6276428;null;-3.472001;0.3;5/7/2020 11:59:34 AM;00:00:09.7285873;0.009730535;1
1;67;4;WholeRoom;16;-4.533478;-4.370344;195.1611;null;0.000;-5.039109;-4.539044;225.9497;0.4298097;null;-3.472001;0.3;5/7/2020 11:59:34 AM;00:00:09.7402049;0.009742158;1
1;67;4;WholeRoom;16;-4.532578;-4.362176;193.7611;null;0.000;-5.033966;-4.535176;225.7846;0.5536489;null;-3.472001;0.3;5/7/2020 11:59:34 AM;00:00:09.7517049;0.009753793;1
1;67;4;WholeRoom;16;-4.533113;-4.354538;192.5966;null;0.000;-5.029006;-4.531448;225.6131;0.5333195;null;-3.472001;0.3;5/7/2020 11:59:34 AM;00:00:09.7666426;0.00976528;1
1;67;4;WholeRoom;16;-4.532629;-4.346947;191.3539;null;0.000;-5.023502;-4.527303;225.4554;0.599745;null;-3.472001;0.3;5/7/2020 11:59:34 AM;00:00:09.7778539;0.009780218;1
1;67;4;WholeRoom;16;-4.542197;-4.333631;184.3718;null;0.000;-5.012871;-4.51881;225.2173;0.9109392;null;-3.472001;0.3;5/7/2020 11:59:34 AM;00:00:09.7891815;0.009791389;1
1;67;4;WholeRoom;16;-4.527575;-4.332412;182.6147;null;0.000;-5.007307;-4.514278;225.1329;0.6424035;null;-3.472001;0.3;5/7/2020 11:59:34 AM;00:00:09.8004297;0.009802758;1
1;67;4;WholeRoom;16;-4.506202;-4.330455;188.4166;null;0.000;-5.002051;-4.509187;225.116;0.6436443;null;-3.472001;0.3;5/7/2020 11:59:34 AM;00:00:09.8154934;0.00981401;1
1;67;4;WholeRoom;16;-4.504695;-4.325191;194.3494;null;0.000;-4.996374;-4.5038;225.207;0.6955243;null;-3.472001;0.3;5/7/2020 11:59:34 AM;00:00:09.8269025;0.009828928;1
1;67;4;WholeRoom;16;-4.502832;-4.316982;196.3676;null;0.000;-4.990766;-4.498629;225.2788;0.5113893;null;-3.472001;0.3;5/7/2020 11:59:34 AM;00:00:09.8385994;0.009840465;1
1;67;4;WholeRoom;16;-4.503136;-4.308727;195.5938;null;0.000;-4.985067;-4.493441;225.2994;0.6679394;null;-3.472001;0.3;5/7/2020 11:59:34 AM;00:00:09.8501819;0.009852161;1
1;67;4;WholeRoom;16;-4.505037;-4.306016;192.6837;null;0.000;-4.979674;-4.488463;225.2832;0.627538;null;-3.472001;0.3;5/7/2020 11:59:34 AM;00:00:09.8652445;0.009863701;1
1;67;4;WholeRoom;16;-4.500972;-4.303581;190.5495;null;0.000;-4.974195;-4.482981;225.3515;0.6716849;null;-3.472001;0.3;5/7/2020 11:59:34 AM;00:00:09.8766964;0.0098788;1
1;67;4;WholeRoom;16;-4.494802;-4.297766;190.341;null;0.000;-4.968854;-4.477075;225.5459;0.5273617;null;-3.472001;0.3;5/7/2020 11:59:34 AM;00:00:09.8880943;0.009890284;1
1;67;4;WholeRoom;16;-4.490713;-4.293471;190.4913;null;0.000;-4.963674;-4.471249;225.8003;0.6788597;null;-3.472001;0.3;5/7/2020 11:59:34 AM;00:00:09.8995349;0.00990168;1
1;67;4;WholeRoom;16;-4.488257;-4.287441;189.0532;null;0.000;-4.95876;-4.465485;226.0343;0.6646172;null;-3.472001;0.3;5/7/2020 11:59:34 AM;00:00:09.9145678;0.009913092;1
1;67;4;WholeRoom;16;-4.474667;-4.275997;187.3527;null;0.000;-4.948225;-4.453454;226.341;1.40125;null;-3.472001;0.3;5/7/2020 11:59:34 AM;00:00:09.9259529;0.009928125;1
1;67;4;WholeRoom;16;-4.469167;-4.271751;186.85;null;0.000;-4.943199;-4.447529;226.4388;0.5168345;null;-3.472001;0.3;5/7/2020 11:59:34 AM;00:00:09.9373110;0.00993954;1
1;67;4;WholeRoom;16;-4.464214;-4.267548;185.8514;null;0.000;-4.938051;-4.441248;226.5317;0.71144;null;-3.472001;0.3;5/7/2020 11:59:34 AM;00:00:09.9488183;0.00995087;1
1;67;4;WholeRoom;16;-4.458125;-4.263735;184.6567;null;0.000;-4.932968;-4.435153;226.6555;0.7005048;null;-3.472001;0.3;5/7/2020 11:59:34 AM;00:00:09.9642349;0.009962281;1
1;67;4;WholeRoom;16;-4.452754;-4.259602;183.1095;null;0.000;-4.927987;-4.429035;226.7753;0.6914296;null;-3.472001;0.3;5/7/2020 11:59:34 AM;00:00:09.9756322;0.009977761;1
1;67;4;WholeRoom;16;-4.447523;-4.255116;181.8417;null;0.000;-4.922717;-4.422693;226.9472;0.5326817;null;-3.472001;0.3;5/7/2020 11:59:34 AM;00:00:09.9872414;0.009989213;1
1;67;4;WholeRoom;16;-4.442663;-4.250802;180.8146;null;0.000;-4.917508;-4.416166;227.1675;0.7291861;null;-3.472001;0.3;5/7/2020 11:59:34 AM;00:00:09.9990563;0.01000081;1
1;67;4;WholeRoom;16;-4.436697;-4.24545;180.0666;null;0.000;-4.912502;-4.409445;227.3927;0.7227875;null;-3.472001;0.3;5/7/2020 11:59:34 AM;00:00:10.0140182;0.01001259;1
1;67;4;WholeRoom;16;-4.432297;-4.240966;179.7245;null;0.000;-4.907309;-4.402099;227.5197;0.7635242;null;-3.472001;0.3;5/7/2020 11:59:34 AM;00:00:10.0253841;0.01002758;1
1;67;4;WholeRoom;16;-4.421436;-4.231677;178.8962;null;0.000;-4.896609;-4.388354;227.9852;1.162062;null;-3.472001;0.3;5/7/2020 11:59:34 AM;00:00:10.0375624;0.01003897;1
1;67;4;WholeRoom;16;-4.417017;-4.227139;178.3559;null;0.000;-4.891138;-4.380964;228.2636;0.8073202;null;-3.472001;0.3;5/7/2020 11:59:34 AM;00:00:10.0492258;0.01005104;1
1;67;4;WholeRoom;16;-4.411405;-4.22257;177.7269;null;0.000;-4.885341;-4.374062;228.479;0.7467809;null;-3.472001;0.3;5/7/2020 11:59:34 AM;00:00:10.0643840;0.01006279;1
1;67;4;WholeRoom;16;-4.40584;-4.217739;177.0823;null;0.000;-4.879617;-4.366699;228.7057;0.7933294;null;-3.472001;0.3;5/7/2020 11:59:34 AM;00:00:10.0758718;0.0100779;1
1;67;4;WholeRoom;16;-4.400046;-4.213035;176.279;null;0.000;-4.874092;-4.359265;228.943;0.6133541;null;-3.472001;0.3;5/7/2020 11:59:34 AM;00:00:10.0877441;0.01008946;1
1;67;4;WholeRoom;16;-4.395052;-4.209232;175.3625;null;0.000;-4.868162;-4.35207;229.2012;0.8063362;null;-3.472001;0.3;5/7/2020 11:59:34 AM;00:00:10.0992528;0.01010134;1
1;67;4;WholeRoom;16;-4.389071;-4.204727;174.5105;null;0.000;-4.862763;-4.344944;229.4395;0.7523084;null;-3.472001;0.3;5/7/2020 11:59:34 AM;00:00:10.1145578;0.01011284;1
1;67;4;WholeRoom;16;-4.382485;-4.200722;173.6975;null;0.000;-4.857129;-4.337104;229.6472;0.8399105;null;-3.472001;0.3;5/7/2020 11:59:34 AM;00:00:10.1260794;0.01012807;1
1;67;4;WholeRoom;16;-4.369627;-4.193681;172.8228;null;0.000;-4.845004;-4.323135;230.119;1.214701;null;-3.472001;0.3;5/7/2020 11:59:34 AM;00:00:10.1376461;0.01013966;1
1;67;4;WholeRoom;16;-4.362749;-4.190119;172.8407;null;0.000;-4.839248;-4.315837;230.3672;0.8015628;null;-3.472001;0.3;5/7/2020 11:59:34 AM;00:00:10.1495484;0.01015114;1
1;67;4;WholeRoom;16;-4.357723;-4.18703;172.937;null;0.000;-4.833552;-4.309169;230.6293;0.7638471;null;-3.472001;0.3;5/7/2020 11:59:34 AM;00:00:10.1646610;0.01016312;1
1;67;4;WholeRoom;16;-4.351209;-4.183242;173.475;null;0.000;-4.828668;-4.303041;230.9478;0.6541391;null;-3.472001;0.3;5/7/2020 11:59:34 AM;00:00:10.1763416;0.01017818;1
1;67;4;WholeRoom;16;-4.344349;-4.179344;174.4003;null;0.000;-4.823569;-4.295752;231.2563;0.5908549;null;-3.472001;0.3;5/7/2020 11:59:34 AM;00:00:10.1877899;0.01018991;1
1;67;4;WholeRoom;16;-4.338877;-4.175654;175.5023;null;0.000;-4.818118;-4.289224;231.5843;0.7246772;null;-3.472001;0.3;5/7/2020 11:59:34 AM;00:00:10.1997644;0.01020137;1
1;67;4;WholeRoom;16;-4.33174;-4.171792;176.5554;null;0.000;-4.812693;-4.282642;231.9861;0.744455;null;-3.472001;0.3;5/7/2020 11:59:34 AM;00:00:10.2149008;0.01021335;1
1;67;4;WholeRoom;16;-4.325243;-4.168018;177.1514;null;0.000;-4.807321;-4.275659;232.3439;0.7357236;null;-3.472001;0.3;5/7/2020 11:59:34 AM;00:00:10.2265120;0.01022845;1
1;67;4;WholeRoom;16;-4.313432;-4.161314;176.7099;null;0.000;-4.796623;-4.262755;233.0675;1.109958;null;-3.472001;0.3;5/7/2020 11:59:34 AM;00:00:10.2383107;0.01023995;1
1;67;4;WholeRoom;16;-4.307259;-4.158412;176.5309;null;0.000;-4.791303;-4.255963;233.3941;0.7500238;null;-3.472001;0.3;5/7/2020 11:59:34 AM;00:00:10.2498473;0.01025189;1
1;67;4;WholeRoom;16;-4.300484;-4.155556;176.3444;null;0.000;-4.78576;-4.249751;233.708;0.6973574;null;-3.472001;0.3;5/7/2020 11:59:34 AM;00:00:10.2651266;0.0102634;1
1;67;4;WholeRoom;16;-4.293272;-4.152334;176.3248;null;0.000;-4.779898;-4.243358;234.0047;0.7534028;null;-3.472001;0.3;5/7/2020 11:59:34 AM;00:00:10.2765318;0.01027863;1
1;67;4;WholeRoom;16;-4.285697;-4.149346;176.6146;null;0.000;-4.774523;-4.237265;234.2874;0.5335024;null;-3.472001;0.3;5/7/2020 11:59:34 AM;00:00:10.2881031;0.01029013;1
1;67;4;WholeRoom;16;-4.279546;-4.147414;177.2623;null;0.000;-4.769114;-4.231378;234.5761;0.6954171;null;-3.472001;0.3;5/7/2020 11:59:34 AM;00:00:10.3000725;0.01030169;1
1;67;4;WholeRoom;16;-4.271809;-4.1446;177.9515;null;0.000;-4.763411;-4.225479;234.8474;0.7099342;null;-3.472001;0.3;5/7/2020 11:59:34 AM;00:00:10.3151339;0.01031356;1
1;67;4;WholeRoom;16;-4.263225;-4.142244;179.2137;null;0.000;-4.75808;-4.219469;235.1177;0.6765302;null;-3.472001;0.3;5/7/2020 11:59:34 AM;00:00:10.3268608;0.01032869;1
1;67;4;WholeRoom;16;-4.248303;-4.138774;182.1748;null;0.000;-4.747448;-4.208739;235.5226;0.9985293;null;-3.472001;0.3;5/7/2020 11:59:34 AM;00:00:10.3384662;0.0103403;1
1;67;4;WholeRoom;16;-4.239409;-4.137195;183.8678;null;0.000;-4.741755;-4.203436;235.7319;0.6701645;null;-3.472001;0.3;5/7/2020 11:59:34 AM;00:00:10.3501208;0.01035205;1
1;67;4;WholeRoom;16;-4.231833;-4.136879;185.494;null;0.000;-4.736272;-4.198418;235.9527;0.6325962;null;-3.472001;0.3;5/7/2020 11:59:34 AM;00:00:10.3653930;0.0103637;1
1;67;4;WholeRoom;16;-4.222741;-4.136208;187.2001;null;0.000;-4.731203;-4.192646;236.1978;0.6590275;null;-3.472001;0.3;5/7/2020 11:59:34 AM;00:00:10.3772488;0.01037896;1
1;67;4;WholeRoom;16;-4.213923;-4.135378;188.5999;null;0.000;-4.726312;-4.187805;236.4255;0.4509673;null;-3.472001;0.3;5/7/2020 11:59:34 AM;00:00:10.3892061;0.01039083;1
1;67;4;WholeRoom;16;-4.206849;-4.134731;189.8985;null;0.000;-4.721314;-4.182907;236.6405;0.589539;null;-3.472001;0.3;5/7/2020 11:59:35 AM;00:00:10.4008819;0.01040279;1
1;67;4;WholeRoom;16;-4.197124;-4.13505;191.5403;null;0.000;-4.716599;-4.178391;236.7912;0.5462447;null;-3.472001;0.3;5/7/2020 11:59:35 AM;00:00:10.4164126;0.01041447;1
1;67;4;WholeRoom;16;-4.187936;-4.134212;193.1955;null;0.000;-4.711553;-4.173319;236.9556;0.6123098;null;-3.472001;0.3;5/7/2020 11:59:35 AM;00:00:10.4280425;0.01042989;1
1;67;4;WholeRoom;16;-4.169785;-4.134761;196.5925;null;0.000;-4.701278;-4.164241;237.2152;0.8894691;null;-3.472001;0.3;5/7/2020 11:59:35 AM;00:00:10.4400882;0.01044164;1
1;67;4;WholeRoom;16;-4.157818;-4.137356;199.4393;null;0.000;-4.696248;-4.159722;237.3235;0.5753161;null;-3.472001;0.3;5/7/2020 11:59:35 AM;00:00:10.4518685;0.01045366;1
1;67;4;WholeRoom;16;-4.156886;-4.130827;200.1653;null;0.000;-4.690849;-4.155422;237.4175;0.5741208;null;-3.472001;0.3;5/7/2020 11:59:35 AM;00:00:10.4672699;0.01046544;1
1;67;4;WholeRoom;16;-4.153821;-4.126737;197.0375;null;0.000;-4.686079;-4.150881;237.5231;0.5589503;null;-3.472001;0.3;5/7/2020 11:59:35 AM;00:00:10.4795004;0.01048073;1
1;67;4;WholeRoom;16;-4.144951;-4.126908;196.5885;null;0.000;-4.680719;-4.146402;237.6342;0.4568239;null;-3.472001;0.3;5/7/2020 11:59:35 AM;00:00:10.4910805;0.01049306;1
1;67;4;WholeRoom;16;-4.129841;-4.128969;198.9257;null;0.000;-4.675195;-4.142133;237.7591;0.5663095;null;-3.472001;0.3;5/7/2020 11:59:35 AM;00:00:10.5029041;0.01050465;1
1;67;4;WholeRoom;16;-4.118983;-4.130819;202.0916;null;0.000;-4.669483;-4.137686;237.8786;0.6248086;null;-3.472001;0.3;5/7/2020 11:59:35 AM;00:00:10.5183902;0.01051648;1
1;67;4;WholeRoom;16;-4.099401;-4.130294;204.8815;null;0.000;-4.658515;-4.129007;238.133;1.181843;null;-3.472001;0.3;5/7/2020 11:59:35 AM;00:00:10.5299690;0.01053183;1
1;67;4;WholeRoom;16;-4.090228;-4.130103;205.4308;null;0.000;-4.653089;-4.125098;238.2093;0.4356991;null;-3.472001;0.3;5/7/2020 11:59:35 AM;00:00:10.5419160;0.01054356;1
1;67;4;WholeRoom;16;-4.080503;-4.131034;206.8494;null;0.000;-4.647254;-4.121106;238.2733;0.6028625;null;-3.472001;0.3;5/7/2020 11:59:35 AM;00:00:10.5539790;0.01055547;1
1;67;4;WholeRoom;16;-4.069267;-4.135094;209.6699;null;0.000;-4.641652;-4.117137;238.3028;0.5764174;null;-3.472001;0.3;5/7/2020 11:59:35 AM;00:00:10.5692756;0.01056754;1
1;67;4;WholeRoom;16;-4.076005;-4.129586;209.8593;Box40;0.884;-4.635828;-4.113149;238.3199;0.5848487;null;-3.472001;0.3;5/7/2020 11:59:35 AM;00:00:10.5809064;0.01058285;1
1;67;4;WholeRoom;16;-4.088258;-4.122198;208.5827;Box40;0.889;-4.629816;-4.109173;238.3328;0.4707772;null;-3.472001;0.3;5/7/2020 11:59:35 AM;00:00:10.5929470;0.01059444;1
1;67;4;WholeRoom;16;-4.090451;-4.109051;199.0714;null;0.000;-4.618273;-4.101638;238.2976;1.188873;null;-3.472001;0.3;5/7/2020 11:59:35 AM;00:00:10.6090262;0.0106065;1
1;67;4;WholeRoom;16;-4.082012;-4.106737;200.2464;null;0.000;-4.612566;-4.097867;238.3009;0.5673583;null;-3.472001;0.3;5/7/2020 11:59:35 AM;00:00:10.6208946;0.01062242;1
1;67;4;WholeRoom;16;-4.073299;-4.108024;203.8823;null;0.000;-4.606837;-4.09419;238.2976;0.4275972;null;-3.472001;0.3;5/7/2020 11:59:35 AM;00:00:10.6336765;0.01063447;1
1;67;4;WholeRoom;16;-4.069118;-4.104938;205.543;null;0.000;-4.600718;-4.09084;238.1883;0.5787343;null;-3.472001;0.3;5/7/2020 11:59:35 AM;00:00:10.6456368;0.01064726;1
1;67;4;WholeRoom;16;-4.062716;-4.104902;204.7787;null;0.000;-4.594799;-4.087761;237.9684;0.5216897;null;-3.472001;0.3;5/7/2020 11:59:35 AM;00:00:10.6612068;0.01065923;1
1;67;4;WholeRoom;16;-4.053945;-4.102834;204.4667;null;0.000;-4.588758;-4.084609;237.812;0.5695027;null;-3.472001;0.3;5/7/2020 11:59:35 AM;00:00:10.6730965;0.01067468;1
1;67;4;WholeRoom;16;-4.048594;-4.095012;202.2668;null;0.000;-4.576186;-4.078659;237.1519;0.900254;null;-3.472001;0.3;5/7/2020 11:59:35 AM;00:00:10.6849451;0.01068665;1
1;67;4;WholeRoom;16;-4.033456;-4.088929;200.4022;null;0.000;-4.569733;-4.076008;236.8945;0.5828747;null;-3.472001;0.3;5/7/2020 11:59:35 AM;00:00:10.6968665;0.01069852;1
1;67;4;WholeRoom;16;-4.027145;-4.085426;200.0995;null;0.000;-4.563556;-4.072667;236.6926;0.59141;null;-3.472001;0.3;5/7/2020 11:59:35 AM;00:00:10.7123716;0.01071043;1
1;67;4;WholeRoom;16;-4.021215;-4.078971;200.1295;null;0.000;-4.556913;-4.069543;236.573;0.6161662;null;-3.472001;0.3;5/7/2020 11:59:35 AM;00:00:10.7242919;0.01072596;1
1;67;4;WholeRoom;16;-4.008057;-4.070857;200.6391;null;0.000;-4.550448;-4.066452;236.4519;0.46168;null;-3.472001;0.3;5/7/2020 11:59:35 AM;00:00:10.7364193;0.01073787;1
1;67;4;WholeRoom;16;-4.00255;-4.065638;199.8603;null;0.000;-4.544024;-4.063666;236.3394;0.58764;null;-3.472001;0.3;5/7/2020 11:59:35 AM;00:00:10.7483883;0.01074999;1
1;67;4;WholeRoom;16;-3.996579;-4.06203;199.4641;null;0.000;-4.537521;-4.060805;236.2289;0.5865442;null;-3.472001;0.3;5/7/2020 11:59:35 AM;00:00:10.7641644;0.01076193;1
1;67;4;WholeRoom;16;-3.978977;-4.051015;200.2002;null;0.000;-4.524495;-4.0557;236.0374;1.171501;null;-3.472001;0.3;5/7/2020 11:59:35 AM;00:00:10.7760385;0.01077763;1
1;67;4;WholeRoom;16;-3.973104;-4.046233;200.993;null;0.000;-4.517941;-4.052745;235.9215;0.4578306;null;-3.472001;0.3;5/7/2020 11:59:35 AM;00:00:10.7879939;0.01078961;1
1;67;4;WholeRoom;16;-3.965675;-4.041146;201.2002;null;0.000;-4.511384;-4.050306;235.8427;0.584065;null;-3.472001;0.3;5/7/2020 11:59:35 AM;00:00:10.8035161;0.01080154;1
1;67;4;WholeRoom;16;-3.958775;-4.035164;201.5068;Box40;0.765;-4.5049;-4.048006;235.7587;0.5767;null;-3.472001;0.3;5/7/2020 11:59:35 AM;00:00:10.8155908;0.0108171;1
1;67;4;WholeRoom;16;-3.952466;-4.030067;201.4562;Box40;0.759;-4.49824;-4.045678;235.6012;0.4533347;null;-3.472001;0.3;5/7/2020 11:59:35 AM;00:00:10.8276725;0.01082898;1
1;67;4;WholeRoom;16;-3.94252;-4.019136;201.1168;Box40;0.748;-4.485732;-4.041754;235.2506;1.103963;null;-3.472001;0.3;5/7/2020 11:59:35 AM;00:00:10.8394700;0.01084126;1
1;67;4;WholeRoom;16;-3.939659;-4.014832;200.4464;Box40;0.745;-4.479436;-4.039725;235.0868;0.5385034;null;-3.472001;0.3;5/7/2020 11:59:35 AM;00:00:10.8547603;0.01085305;1
1;67;4;WholeRoom;16;-3.935008;-4.009255;199.7539;Box40;0.740;-4.473769;-4.037947;234.742;0.5036991;null;-3.472001;0.3;5/7/2020 11:59:35 AM;00:00:10.8666742;0.01086833;1
1;67;4;WholeRoom;16;-3.931668;-4.003429;197.7798;Box40;0.735;-4.468217;-4.03563;234.2783;0.3938389;null;-3.472001;0.3;5/7/2020 11:59:35 AM;00:00:10.8786395;0.01088023;1
1;67;4;WholeRoom;16;-3.927989;-3.998457;196.5569;null;0.000;-4.462111;-4.033322;233.9701;0.5483879;null;-3.472001;0.3;5/7/2020 11:59:35 AM;00:00:10.8906906;0.01089223;1
1;67;4;WholeRoom;16;-3.926235;-3.994838;195.2813;null;0.000;-4.456411;-4.031353;233.7953;0.5026525;null;-3.472001;0.3;5/7/2020 11:59:35 AM;00:00:10.9065051;0.01090428;1
1;67;4;WholeRoom;16;-3.921242;-3.990808;194.7626;null;0.000;-4.45089;-4.02893;233.6609;0.5003139;null;-3.472001;0.3;5/7/2020 11:59:35 AM;00:00:10.9185722;0.01091993;1
1;67;4;WholeRoom;16;-3.912158;-3.986312;195.9009;null;0.000;-4.439897;-4.025025;233.3848;0.7455835;null;-3.472001;0.3;5/7/2020 11:59:35 AM;00:00:10.9306302;0.01093215;1
1;67;4;WholeRoom;16;-3.903644;-3.983757;197.5584;Box40;0.711;-4.435184;-4.023486;233.2702;0.4056889;null;-3.472001;0.3;5/7/2020 11:59:35 AM;00:00:10.9461437;0.0109442;1
1;67;4;WholeRoom;16;-3.896267;-3.980835;199.3373;Box40;0.705;-4.430141;-4.021431;233.1379;0.45188;null;-3.472001;0.3;5/7/2020 11:59:35 AM;00:00:10.9580687;0.01095973;1
1;67;4;WholeRoom;16;-3.894176;-3.976446;200.4502;Box40;0.702;-4.426198;-4.019557;233.0117;0.2811542;null;-3.472001;0.3;5/7/2020 11:59:35 AM;00:00:10.9699929;0.01097166;1
1;67;4;WholeRoom;16;-3.890821;-3.971377;199.4155;Box40;0.698;-4.42271;-4.017526;232.8229;0.3382896;null;-3.472001;0.3;5/7/2020 11:59:35 AM;00:00:10.9824240;0.01098359;1
1;67;4;WholeRoom;16;-3.889137;-3.966224;197.887;Box40;0.695;-4.419628;-4.015549;232.5577;0.3070397;null;-3.472001;0.3;5/7/2020 11:59:35 AM;00:00:10.9979942;0.01099588;1
1;67;4;WholeRoom;16;-3.887463;-3.963087;196.9013;Box40;0.693;-4.416749;-4.01398;232.203;0.2667656;null;-3.472001;0.3;5/7/2020 11:59:35 AM;00:00:11.0099206;0.01101155;1
1;67;4;WholeRoom;16;-3.879892;-3.957767;195.3776;Box40;0.687;-4.411664;-4.010721;231.3744;0.3853825;null;-3.472001;0.3;5/7/2020 11:59:35 AM;00:00:11.0220451;0.01102345;1
1;67;4;WholeRoom;16;-3.877041;-3.955332;194.8358;Box40;0.684;-4.408722;-4.009163;230.9717;0.2797017;null;-3.472001;0.3;5/7/2020 11:59:35 AM;00:00:11.0380994;0.01103563;1
1;67;4;WholeRoom;16;-3.875335;-3.952329;194.4079;Box40;0.682;-4.406048;-4.007891;230.5333;0.2431917;null;-3.472001;0.3;5/7/2020 11:59:35 AM;00:00:11.0501880;0.01105157;1
1;67;4;WholeRoom;16;-3.872007;-3.950411;194.5719;Box40;0.680;-4.403525;-4.006411;230.2016;0.1834243;null;-3.472001;0.3;5/7/2020 11:59:35 AM;00:00:11.0621210;0.01106374;1
1;67;4;WholeRoom;16;-3.865573;-3.947324;197.204;Box40;0.675;-4.398079;-4.002564;229.7728;0.547812;null;-3.472001;0.3;5/7/2020 11:59:35 AM;00:00:11.0743319;0.0110757;1
1;67;4;WholeRoom;16;-3.863034;-3.945658;198.5094;Box40;0.673;-4.395635;-4.000841;229.5731;0.2499942;null;-3.472001;0.3;5/7/2020 11:59:35 AM;00:00:11.0989845;0.01108792;1
1;67;4;WholeRoom;16;-3.861406;-3.943438;199.7815;Box40;0.671;-4.393328;-3.999128;229.408;0.2352955;null;-3.472001;0.3;5/7/2020 11:59:35 AM;00:00:11.1109928;0.01111242;1
1;67;4;WholeRoom;16;-3.856434;-3.938139;202.132;Box40;0.667;-4.38883;-3.995275;229.0168;0.2417191;null;-3.472001;0.3;5/7/2020 11:59:35 AM;00:00:11.1230330;0.01112457;1
1;67;4;WholeRoom;16;-3.857779;-3.936653;202.5176;Box40;0.667;-4.387107;-3.993374;228.8154;0.2110958;null;-3.472001;0.3;5/7/2020 11:59:35 AM;00:00:11.1387031;0.0111366;1
1;67;4;WholeRoom;16;-3.856752;-3.932789;202.2354;Box40;0.665;-4.385185;-3.991467;228.5876;0.225167;null;-3.472001;0.3;5/7/2020 11:59:35 AM;00:00:11.1507988;0.0111522;1
1;67;4;WholeRoom;16;-3.859306;-3.927985;200.5931;Box40;0.665;-4.383415;-3.989464;228.3871;0.1713364;null;-3.472001;0.3;5/7/2020 11:59:35 AM;00:00:11.1628214;0.01116438;1
1;67;4;WholeRoom;16;-3.857618;-3.91808;198.0829;Box40;0.661;-4.379831;-3.984958;228.0645;0.4727611;null;-3.472001;0.3;5/7/2020 11:59:35 AM;00:00:11.1751270;0.01117635;1
1;67;4;WholeRoom;16;-3.859365;-3.91461;197.6895;Box40;0.661;-4.378365;-3.98266;227.9678;0.2275507;null;-3.472001;0.3;5/7/2020 11:59:35 AM;00:00:11.1908910;0.01118869;1
1;67;4;WholeRoom;16;-3.858731;-3.91003;197.2931;Box40;0.659;-4.376993;-3.980707;227.848;0.1933798;null;-3.472001;0.3;5/7/2020 11:59:35 AM;00:00:11.2034831;0.01120443;1
1;67;4;WholeRoom;16;-3.858221;-3.905434;197.0503;Box40;0.658;-4.375491;-3.978521;227.7778;0.1685332;null;-3.472001;0.3;5/7/2020 11:59:35 AM;00:00:11.2161125;0.011217;1
1;67;4;WholeRoom;16;-3.857939;-3.900528;196.4988;Box40;0.656;-4.374436;-3.976165;227.7281;0.2053326;null;-3.472001;0.3;5/7/2020 11:59:35 AM;00:00:11.2321556;0.01122955;1
1;67;4;WholeRoom;16;-3.860671;-3.89792;195.7126;Box40;0.657;-4.372945;-3.973664;227.6442;0.2321413;null;-3.472001;0.3;5/7/2020 11:59:35 AM;00:00:11.2442337;0.01124558;1
1;67;4;WholeRoom;16;-3.864742;-3.886703;193.2706;Box40;0.657;-4.370757;-3.968355;227.5261;0.3582245;null;-3.472001;0.3;5/7/2020 11:59:35 AM;00:00:11.2564302;0.01125782;1
1;67;4;WholeRoom;16;-3.867143;-3.881159;192.5358;Box40;0.657;-4.37007;-3.965777;227.4879;0.217902;null;-3.472001;0.3;5/7/2020 11:59:35 AM;00:00:11.2686676;0.01127002;1
1;67;4;WholeRoom;16;-3.869156;-3.876685;192.1781;Box40;0.657;-4.369655;-3.962716;227.4612;0.2532471;null;-3.472001;0.3;5/7/2020 11:59:35 AM;00:00:11.2850187;0.01128222;1
1;67;4;WholeRoom;16;-3.870101;-3.871916;192.2402;Box40;0.656;-4.368872;-3.959852;227.4041;0.2433153;null;-3.472001;0.3;5/7/2020 11:59:35 AM;00:00:11.2972750;0.01129845;1
1;67;4;WholeRoom;16;-3.865475;-3.863867;193.6151;null;0.000;-4.368342;-3.953939;227.2365;0.3658362;null;-3.472001;0.3;5/7/2020 11:59:35 AM;00:00:11.3094443;0.01131086;1
1;67;4;WholeRoom;16;-3.864588;-3.860447;194.5332;Box40;0.651;-4.368023;-3.950817;227.1731;0.2528993;null;-3.472001;0.3;5/7/2020 11:59:35 AM;00:00:11.3252300;0.01132303;1
1;67;4;WholeRoom;16;-3.866839;-3.855478;194.612;Box40;0.651;-4.36766;-3.947699;227.1087;0.2579216;null;-3.472001;0.3;5/7/2020 11:59:35 AM;00:00:11.3376030;0.01133879;1
1;67;4;WholeRoom;16;-3.86756;-3.849635;194.0645;Box40;0.650;-4.36769;-3.944455;227.0938;0.205769;null;-3.472001;0.3;5/7/2020 11:59:35 AM;00:00:11.3497810;0.01135108;1
1;67;4;WholeRoom;16;-3.871846;-3.845373;192.755;Box40;0.652;-4.367743;-3.940987;227.1083;0.2823088;null;-3.472001;0.3;5/7/2020 11:59:35 AM;00:00:11.3620654;0.01136336;1
1;67;4;WholeRoom;16;-3.871198;-3.840424;192.0573;null;0.000;-4.368083;-3.937492;227.1271;0.2859367;null;-3.472001;0.3;5/7/2020 11:59:35 AM;00:00:11.3779199;0.01137565;1
1;67;4;WholeRoom;16;-3.870621;-3.835474;191.8663;null;0.000;-4.368736;-3.933973;227.126;0.2911587;null;-3.472001;0.3;5/7/2020 11:59:36 AM;00:00:11.3907382;0.0113915;1
1;67;4;WholeRoom;16;-3.876658;-3.825761;191.0778;null;0.000;-4.370236;-3.927264;227.1053;0.4337617;null;-3.472001;0.3;5/7/2020 11:59:36 AM;00:00:11.4119472;0.01140428;1
1;67;4;WholeRoom;16;-3.878902;-3.81962;190.3404;null;0.000;-4.371234;-3.923656;227.0706;0.2928973;null;-3.472001;0.3;5/7/2020 11:59:36 AM;00:00:11.4280834;0.01142543;1
1;67;4;WholeRoom;16;-3.888374;-3.808776;188.751;null;0.000;-4.37351;-3.916178;227.0179;0.3696788;null;-3.472001;0.3;5/7/2020 11:59:36 AM;00:00:11.4404771;0.01144152;1
1;67;4;WholeRoom;16;-3.889941;-3.804588;185.2942;null;0.000;-4.374927;-3.912184;226.9742;0.2634269;null;-3.472001;0.3;5/7/2020 11:59:36 AM;00:00:11.4528796;0.01145407;1
1;67;4;WholeRoom;16;-3.888187;-3.804384;185.8478;null;0.000;-4.37619;-3.908358;226.9472;0.3210061;null;-3.472001;0.3;5/7/2020 11:59:36 AM;00:00:11.4691303;0.01146646;1
1;67;4;WholeRoom;16;-3.878439;-3.799658;193.8853;null;0.000;-4.380037;-3.900251;226.8454;0.7237954;null;-3.472001;0.3;5/7/2020 11:59:36 AM;00:00:11.4817576;0.01148263;1
1;67;4;WholeRoom;16;-3.879873;-3.796533;195.4548;null;0.000;-4.38212;-3.896129;226.7493;0.2857529;null;-3.472001;0.3;5/7/2020 11:59:36 AM;00:00:11.4943494;0.01149526;1
1;67;4;WholeRoom;16;-3.878513;-3.792938;196.8577;null;0.000;-4.384274;-3.891941;226.6352;0.3727114;null;-3.472001;0.3;5/7/2020 11:59:36 AM;00:00:11.5071869;0.0115078;1
1;67;4;WholeRoom;16;-3.877387;-3.789343;197.7221;null;0.000;-4.386409;-3.887795;226.4816;0.3719259;null;-3.472001;0.3;5/7/2020 11:59:36 AM;00:00:11.5233125;0.01152071;1
1;67;4;WholeRoom;16;-3.882728;-3.785387;197.1379;null;0.000;-4.388543;-3.883335;226.3222;0.3831089;null;-3.472001;0.3;5/7/2020 11:59:36 AM;00:00:11.5363008;0.01153687;1
1;67;4;WholeRoom;16;-3.885828;-3.777274;194.6191;null;0.000;-4.393607;-3.874367;226.0339;0.6373035;null;-3.472001;0.3;5/7/2020 11:59:36 AM;00:00:11.5492835;0.01154985;1
1;67;4;WholeRoom;16;-3.891644;-3.77229;194.1943;null;0.000;-4.396439;-3.869636;225.9662;0.4245916;null;-3.472001;0.3;5/7/2020 11:59:36 AM;00:00:11.5658054;0.01156272;1
1;67;4;WholeRoom;16;-3.893327;-3.767443;194.4257;null;0.000;-4.399267;-3.864627;225.9293;0.4471101;null;-3.472001;0.3;5/7/2020 11:59:36 AM;00:00:11.5783632;0.01157932;1
1;67;4;WholeRoom;16;-3.897941;-3.758761;196.4785;null;0.000;-4.404949;-3.854327;225.805;0.7085806;null;-3.472001;0.3;5/7/2020 11:59:36 AM;00:00:11.5909892;0.01159195;1
1;67;4;WholeRoom;16;-3.899152;-3.754614;197.8722;null;0.000;-4.40756;-3.848821;225.7084;0.4825552;null;-3.472001;0.3;5/7/2020 11:59:36 AM;00:00:11.6076551;0.01160452;1
1;67;4;WholeRoom;16;-3.900301;-3.750789;198.8936;null;0.000;-4.410378;-3.843635;225.5843;0.4693717;null;-3.472001;0.3;5/7/2020 11:59:36 AM;00:00:11.6202668;0.01162114;1
1;67;4;WholeRoom;16;-3.90369;-3.746887;199.2865;null;0.000;-4.412693;-3.838597;225.4662;0.3337095;null;-3.472001;0.3;5/7/2020 11:59:36 AM;00:00:11.6339065;0.01163385;1
1;67;4;WholeRoom;16;-3.909299;-3.736151;198.5442;null;0.000;-4.418523;-3.828211;225.1632;0.9369786;null;-3.472001;0.3;5/7/2020 11:59:36 AM;00:00:11.6467702;0.01164748;1
1;67;4;WholeRoom;16;-3.913915;-3.730608;198.2656;null;0.000;-4.421459;-3.823333;225.0328;0.4178022;null;-3.472001;0.3;5/7/2020 11:59:36 AM;00:00:11.6632275;0.01166036;1
1;67;4;WholeRoom;16;-3.918987;-3.724028;197.3743;null;0.000;-4.424615;-3.818418;224.8842;0.4535033;null;-3.472001;0.3;5/7/2020 11:59:36 AM;00:00:11.6760007;0.01167668;1
1;67;4;WholeRoom;16;-3.923987;-3.717509;196.1797;null;0.000;-4.427528;-3.813081;224.7626;0.3724025;null;-3.472001;0.3;5/7/2020 11:59:36 AM;00:00:11.6886345;0.01168955;1
1;67;4;WholeRoom;16;-3.933418;-3.706252;194.8132;null;0.000;-4.433837;-3.803373;224.6297;0.9000062;null;-3.472001;0.3;5/7/2020 11:59:36 AM;00:00:11.7055989;0.01170222;1
1;67;4;WholeRoom;16;-3.939539;-3.699761;193.7182;null;0.000;-4.436581;-3.798427;224.553;0.44655;null;-3.472001;0.3;5/7/2020 11:59:36 AM;00:00:11.7182869;0.01171906;1
1;67;4;WholeRoom;16;-3.943096;-3.695029;193.1405;null;0.000;-4.439128;-3.793847;224.4906;0.311114;null;-3.472001;0.3;5/7/2020 11:59:36 AM;00:00:11.7309964;0.01173185;1
1;67;4;WholeRoom;16;-3.94423;-3.688871;193.8614;null;0.000;-4.441575;-3.78924;224.4337;0.4079328;null;-3.472001;0.3;5/7/2020 11:59:36 AM;00:00:11.7472487;0.01174458;1
1;67;4;WholeRoom;16;-3.946919;-3.682848;194.1526;null;0.000;-4.443807;-3.784073;224.3871;0.4421235;null;-3.472001;0.3;5/7/2020 11:59:36 AM;00:00:11.7600810;0.01176083;1
1;67;4;WholeRoom;16;-3.954437;-3.671459;193.8696;null;0.000;-4.447374;-3.775243;224.3633;0.5858825;null;-3.472001;0.3;5/7/2020 11:59:36 AM;00:00:11.7729421;0.01177348;1
1;67;4;WholeRoom;16;-3.957748;-3.665607;193.4714;null;0.000;-4.448916;-3.770899;224.3492;0.3644503;null;-3.472001;0.3;5/7/2020 11:59:36 AM;00:00:11.7856717;0.01178652;1
1;67;4;WholeRoom;16;-3.961861;-3.659909;193.1118;null;0.000;-4.45049;-3.766951;224.3591;0.3259476;null;-3.472001;0.3;5/7/2020 11:59:36 AM;00:00:11.8022075;0.01179925;1
1;67;4;WholeRoom;16;-3.966148;-3.653827;192.2802;null;0.000;-4.452233;-3.763275;224.4029;0.3196431;null;-3.472001;0.3;5/7/2020 11:59:36 AM;00:00:11.8149621;0.01181579;1
1;67;4;WholeRoom;16;-3.975813;-3.642756;189.9176;null;0.000;-4.454829;-3.755641;224.5761;0.4873167;null;-3.472001;0.3;5/7/2020 11:59:36 AM;00:00:11.8280455;0.01182852;1
1;67;4;WholeRoom;16;-3.978924;-3.637276;188.751;null;0.000;-4.455934;-3.751913;224.7243;0.3055671;null;-3.472001;0.3;5/7/2020 11:59:36 AM;00:00:11.8456672;0.01184148;1
1;67;4;WholeRoom;16;-3.980035;-3.632259;188.3532;null;0.000;-4.45679;-3.747915;224.8507;0.3154177;null;-3.472001;0.3;5/7/2020 11:59:36 AM;00:00:11.8592549;0.0118591;1
1;67;4;WholeRoom;16;-3.982886;-3.6224;188.6649;null;0.000;-4.459023;-3.740746;225.1172;0.4260621;null;-3.472001;0.3;5/7/2020 11:59:36 AM;00:00:11.8723140;0.01187281;1
1;67;4;WholeRoom;16;-3.982555;-3.618078;189.6086;null;0.000;-4.459842;-3.736928;225.2105;0.2847565;null;-3.472001;0.3;5/7/2020 11:59:36 AM;00:00:11.8892428;0.01188572;1
1;67;4;WholeRoom;16;-3.98452;-3.612955;190.3022;null;0.000;-4.460575;-3.73348;225.3105;0.2731163;null;-3.472001;0.3;5/7/2020 11:59:36 AM;00:00:11.9020589;0.01190282;1
1;67;4;WholeRoom;16;-3.986347;-3.604347;191.0465;null;0.000;-4.461968;-3.727245;225.3718;0.3736086;null;-3.472001;0.3;5/7/2020 11:59:36 AM;00:00:11.9151043;0.01191563;1
1;67;4;WholeRoom;16;-3.987383;-3.599877;190.5646;null;0.000;-4.462292;-3.724165;225.3696;0.2418725;null;-3.472001;0.3;5/7/2020 11:59:36 AM;00:00:11.9331231;0.01192863;1
1;67;4;WholeRoom;16;-3.986751;-3.596334;190.4718;null;0.000;-4.463105;-3.721066;225.3625;0.2463486;null;-3.472001;0.3;5/7/2020 11:59:36 AM;00:00:11.9456623;0.01194654;1
1;67;4;WholeRoom;16;-3.986187;-3.589926;190.318;null;0.000;-4.463573;-3.71463;225.351;0.3603401;null;-3.472001;0.3;5/7/2020 11:59:36 AM;00:00:11.9583271;0.01195926;1
1;67;4;WholeRoom;16;-3.984761;-3.587422;190.209;null;0.000;-4.463625;-3.711527;225.3018;0.2439971;null;-3.472001;0.3;5/7/2020 11:59:36 AM;00:00:11.9712408;0.01197192;1
1;67;4;WholeRoom;16;-3.982902;-3.585164;190.4332;null;0.000;-4.463568;-3.708194;225.2932;0.2634022;null;-3.472001;0.3;5/7/2020 11:59:36 AM;00:00:11.9876427;0.01198469;1
1;67;4;WholeRoom;16;-3.982339;-3.581931;190.7257;null;0.000;-4.463425;-3.70509;225.2927;0.2431902;null;-3.472001;0.3;5/7/2020 11:59:36 AM;00:00:12.0004664;0.01200124;1
1;67;4;WholeRoom;16;-3.979303;-3.580389;191.4512;null;0.000;-4.462916;-3.702037;225.2728;0.187007;null;-3.472001;0.3;5/7/2020 11:59:36 AM;00:00:12.0133129;0.01201404;1
1;67;4;WholeRoom;16;-3.975238;-3.576372;192.5886;null;0.000;-4.461472;-3.695976;225.164;0.4867055;null;-3.472001;0.3;5/7/2020 11:59:36 AM;00:00:12.0300191;0.01202688;1
1;67;4;WholeRoom;16;-3.972531;-3.575029;193.0031;null;0.000;-4.460584;-3.69304;225.0917;0.2390718;null;-3.472001;0.3;5/7/2020 11:59:36 AM;00:00:12.0431460;0.01204346;1
1;67;4;WholeRoom;16;-3.969681;-3.573828;193.1749;null;0.000;-4.459527;-3.690177;225.0253;0.1839897;null;-3.472001;0.3;5/7/2020 11:59:36 AM;00:00:12.0559801;0.01205674;1
1;67;4;WholeRoom;16;-3.968069;-3.572336;193.4064;null;0.000;-4.458387;-3.68728;224.9931;0.2344986;null;-3.472001;0.3;5/7/2020 11:59:36 AM;00:00:12.0725936;0.01206958;1
1;67;4;WholeRoom;16;-3.959955;-3.570849;194.3273;null;0.000;-4.455358;-3.681133;224.8768;0.5336522;null;-3.472001;0.3;5/7/2020 11:59:36 AM;00:00:12.0858578;0.01208601;1
1;67;4;WholeRoom;16;-3.956892;-3.569324;194.8624;null;0.000;-4.453682;-3.678377;224.7936;0.1962933;null;-3.472001;0.3;5/7/2020 11:59:36 AM;00:00:12.0988430;0.01209944;1
1;67;4;WholeRoom;16;-3.952647;-3.568388;195.3881;null;0.000;-4.452345;-3.675763;224.709;0.2186916;null;-3.472001;0.3;5/7/2020 11:59:36 AM;00:00:12.1156179;0.01211242;1
1;67;4;WholeRoom;16;-3.947997;-3.56735;195.9005;null;0.000;-4.450506;-3.67282;224.6122;0.2674131;null;-3.472001;0.3;5/7/2020 11:59:36 AM;00:00:12.1285093;0.01212901;1
1;67;4;WholeRoom;16;-3.938332;-3.565653;197.13;null;0.000;-4.446522;-3.667089;224.4628;0.4205469;null;-3.472001;0.3;5/7/2020 11:59:36 AM;00:00:12.1428929;0.01214204;1
1;67;4;WholeRoom;16;-3.932827;-3.565052;197.9331;null;0.000;-4.443973;-3.664099;224.388;0.3016278;null;-3.472001;0.3;5/7/2020 11:59:36 AM;00:00:12.1557151;0.01215649;1
1;67;4;WholeRoom;16;-3.927118;-3.563195;198.2558;null;0.000;-4.441478;-3.661221;224.3223;0.2637043;null;-3.472001;0.3;5/7/2020 11:59:36 AM;00:00:12.1726133;0.0121693;1
1;67;4;WholeRoom;16;-3.922283;-3.561971;198.2304;null;0.000;-4.438522;-3.658183;224.2766;0.3307672;null;-3.472001;0.3;5/7/2020 11:59:36 AM;00:00:12.1855824;0.01218607;1
1;67;4;WholeRoom;16;-3.910351;-3.559385;198.4151;null;0.000;-4.432739;-3.65202;224.1644;0.5039166;null;-3.472001;0.3;5/7/2020 11:59:36 AM;00:00:12.1984207;0.01219911;1
1;67;4;WholeRoom;16;-3.904097;-3.558872;198.9234;null;0.000;-4.429925;-3.64922;224.1093;0.3044146;null;-3.472001;0.3;5/7/2020 11:59:36 AM;00:00:12.2147989;0.012212;1
1;67;4;WholeRoom;16;-3.897687;-3.558224;199.6338;null;0.000;-4.426719;-3.646342;224.0634;0.3343433;null;-3.472001;0.3;5/7/2020 11:59:36 AM;00:00:12.2277568;0.01222839;1
1;67;4;WholeRoom;16;-3.883588;-3.557157;201.5202;null;0.000;-4.419707;-3.640674;223.978;0.5498976;null;-3.472001;0.3;5/7/2020 11:59:36 AM;00:00:12.2408960;0.01224126;1
1;67;4;WholeRoom;16;-3.877133;-3.556426;202.3477;null;0.000;-4.416209;-3.637499;223.9384;0.3672071;null;-3.472001;0.3;5/7/2020 11:59:36 AM;00:00:12.2571995;0.01225448;1
1;67;4;WholeRoom;16;-3.869714;-3.555431;203.0673;null;0.000;-4.412475;-3.634742;223.9227;0.3510478;null;-3.472001;0.3;5/7/2020 11:59:36 AM;00:00:12.2697624;0.01227077;1
1;67;4;WholeRoom;16;-3.856194;-3.554127;204.481;null;0.000;-4.405158;-3.629114;223.9232;0.5667881;null;-3.472001;0.3;5/7/2020 11:59:36 AM;00:00:12.2825356;0.01228335;1
1;67;4;WholeRoom;16;-3.848349;-3.553329;205.2793;null;0.000;-4.401139;-3.626462;223.9366;0.3824944;null;-3.472001;0.3;5/7/2020 11:59:36 AM;00:00:12.2988178;0.01229601;1
1;67;4;WholeRoom;16;-3.841017;-3.55285;206.2142;null;0.000;-4.397209;-3.624001;223.9301;0.3664783;null;-3.472001;0.3;5/7/2020 11:59:36 AM;00:00:12.3114898;0.01231241;1
1;67;4;WholeRoom;16;-3.833665;-3.552129;207.2349;null;0.000;-4.392925;-3.621407;223.9267;0.3052614;null;-3.472001;0.3;5/7/2020 11:59:36 AM;00:00:12.3245232;0.01232509;1
1;67;4;WholeRoom;16;-3.82493;-3.551311;208.1971;null;0.000;-4.388631;-3.618995;223.9446;0.388503;null;-3.472001;0.3;5/7/2020 11:59:36 AM;00:00:12.3412771;0.01233811;1
1;67;4;WholeRoom;16;-3.810436;-3.549755;209.5285;null;0.000;-4.379639;-3.614075;223.9555;0.7872636;null;-3.472001;0.3;5/7/2020 11:59:36 AM;00:00:12.3538987;0.01235469;1
1;67;4;WholeRoom;16;-3.801588;-3.54818;210.0473;null;0.000;-4.375341;-3.611668;223.9654;0.2971131;null;-3.472001;0.3;5/7/2020 11:59:36 AM;00:00:12.3668185;0.01236748;1
1;67;4;WholeRoom;16;-3.794169;-3.547383;210.6288;null;0.000;-4.37053;-3.609636;223.9809;0.4082953;null;-3.472001;0.3;5/7/2020 11:59:36 AM;00:00:12.3835221;0.01238037;1
1;67;4;WholeRoom;16;-3.78614;-3.546969;211.6299;null;0.000;-4.365924;-3.60732;223.9905;0.4000066;null;-3.472001;0.3;5/7/2020 11:59:37 AM;00:00:12.3961421;0.01239699;1
1;67;4;WholeRoom;16;-3.7672;-3.548831;215.3732;null;0.000;-4.356014;-3.603617;223.9978;0.6364329;null;-3.472001;0.3;5/7/2020 11:59:37 AM;00:00:12.4088799;0.01240973;1
1;67;4;WholeRoom;16;-3.76388;-3.541594;216.6292;null;0.000;-4.351167;-3.601501;223.9402;0.4151038;null;-3.472001;0.3;5/7/2020 11:59:37 AM;00:00:12.4216401;0.01242244;1
1;67;4;WholeRoom;16;-3.759338;-3.531329;213.778;null;0.000;-4.345917;-3.599661;223.9005;0.4379734;null;-3.472001;0.3;5/7/2020 11:59:37 AM;00:00:12.4382259;0.01243521;1
1;67;4;WholeRoom;16;-3.75387;-3.528098;212.4281;null;0.000;-4.340703;-3.59763;223.8481;0.4379267;null;-3.472001;0.3;5/7/2020 11:59:37 AM;00:00:12.4510471;0.01245171;1
1;67;4;WholeRoom;16;-3.732756;-3.534414;213.8121;null;0.000;-4.329965;-3.593631;223.7642;0.6944925;null;-3.472001;0.3;5/7/2020 11:59:37 AM;00:00:12.4640287;0.01246463;1
1;67;4;WholeRoom;16;-3.725562;-3.534795;215.5675;null;0.000;-4.324734;-3.591699;223.7087;0.4316433;null;-3.472001;0.3;5/7/2020 11:59:37 AM;00:00:12.4806187;0.01247758;1
1;67;4;WholeRoom;16;-3.720151;-3.532533;216.4685;null;0.000;-4.318905;-3.589141;223.6463;0.4913324;null;-3.472001;0.3;5/7/2020 11:59:37 AM;00:00:12.4933191;0.01249411;1
1;67;4;WholeRoom;16;-3.706056;-3.532005;218.0916;null;0.000;-4.307025;-3.584067;223.9102;0.7815617;null;-3.472001;0.3;5/7/2020 11:59:37 AM;00:00:12.5061745;0.0125068;1
1;67;4;WholeRoom;16;-3.69916;-3.530742;220.3036;null;0.000;-4.300697;-3.581448;224.2652;0.539744;null;-3.472001;0.3;5/7/2020 11:59:37 AM;00:00:12.5225987;0.01251978;1
1;67;4;WholeRoom;16;-3.691655;-3.525795;221.4393;null;0.000;-4.294849;-3.578907;224.6205;0.491408;null;-3.472001;0.3;5/7/2020 11:59:37 AM;00:00:12.5357504;0.01253618;1
1;67;4;WholeRoom;16;-3.685395;-3.523396;222.4528;null;0.000;-4.28919;-3.576383;224.9091;0.3778572;null;-3.472001;0.3;5/7/2020 11:59:37 AM;00:00:12.5485046;0.01254925;1
1;67;4;WholeRoom;16;-3.669664;-3.519359;224.3697;null;0.000;-4.277888;-3.571728;225.235;0.934815;null;-3.472001;0.3;5/7/2020 11:59:37 AM;00:00:12.5651672;0.01256204;1
1;67;4;WholeRoom;16;-3.664306;-3.517374;225.1361;null;0.000;-4.272823;-3.570112;225.3235;0.4158953;null;-3.472001;0.3;5/7/2020 11:59:37 AM;00:00:12.5779178;0.01257861;1
1;67;4;WholeRoom;16;-3.659109;-3.515605;225.7501;null;0.000;-4.267495;-3.568291;225.3901;0.3397609;null;-3.472001;0.3;5/7/2020 11:59:37 AM;00:00:12.5907777;0.0125915;1
1;67;4;WholeRoom;16;-3.649808;-3.514225;226.4803;null;0.000;-4.262315;-3.566583;225.4488;0.4230999;null;-3.472001;0.3;5/7/2020 11:59:37 AM;00:00:12.6075771;0.01260435;1
1;67;4;WholeRoom;16;-3.644418;-3.512633;227.1953;Box40;0.569;-4.257481;-3.564923;225.4294;0.3976452;null;-3.472001;0.3;5/7/2020 11:59:37 AM;00:00:12.6207521;0.01262101;1
1;67;4;WholeRoom;16;-3.631331;-3.508904;228.34;Box40;0.566;-4.248201;-3.561434;225.4529;0.5952974;null;-3.472001;0.3;5/7/2020 11:59:37 AM;00:00:12.6339973;0.01263434;1
1;67;4;WholeRoom;16;-3.626158;-3.50667;228.7809;Box40;0.566;-4.24366;-3.559734;225.4878;0.3637845;null;-3.472001;0.3;5/7/2020 11:59:37 AM;00:00:12.6604027;0.01264757;1
1;67;4;WholeRoom;16;-3.619597;-3.505085;229.4309;Box40;0.565;-4.239037;-3.55783;225.5141;0.3779198;null;-3.472001;0.3;5/7/2020 11:59:37 AM;00:00:12.6736272;0.01267378;1
1;67;4;WholeRoom;16;-3.601083;-3.498798;231.3965;Box40;0.563;-4.22569;-3.55257;225.5195;0.5472884;null;-3.472001;0.3;5/7/2020 11:59:37 AM;00:00:12.6868848;0.01268719;1
1;67;4;WholeRoom;16;-3.595067;-3.49638;231.5841;Box40;0.562;-4.221599;-3.550836;225.4938;0.3313511;null;-3.472001;0.3;5/7/2020 11:59:37 AM;00:00:12.7035945;0.01270044;1
1;67;4;WholeRoom;16;-3.590544;-3.49436;231.7491;Box40;0.562;-4.217462;-3.5491;225.4716;0.3386153;null;-3.472001;0.3;5/7/2020 11:59:37 AM;00:00:12.7168838;0.01271716;1
1;67;4;WholeRoom;16;-3.580124;-3.490402;232.1252;Box40;0.562;-4.209448;-3.545138;225.426;0.5347295;null;-3.472001;0.3;5/7/2020 11:59:37 AM;00:00:12.7300475;0.01273028;1
1;67;4;WholeRoom;16;-3.575727;-3.488602;232.2726;Box40;0.561;-4.205217;-3.542998;225.4214;0.3613472;null;-3.472001;0.3;5/7/2020 11:59:37 AM;00:00:12.7470692;0.01274363;1
1;67;4;WholeRoom;16;-3.57115;-3.486362;232.3613;Box40;0.562;-4.201271;-3.5409;225.4321;0.3346897;null;-3.472001;0.3;5/7/2020 11:59:37 AM;00:00:12.7604148;0.01276067;1
1;67;4;WholeRoom;16;-3.567135;-3.484217;232.3434;Box40;0.562;-4.197123;-3.538871;225.4551;0.2710951;null;-3.472001;0.3;5/7/2020 11:59:37 AM;00:00:12.7736958;0.01277388;1
1;67;4;WholeRoom;16;-3.560268;-3.478599;231.3332;Box40;0.563;-4.188809;-3.534528;225.5801;0.7097936;null;-3.472001;0.3;5/7/2020 11:59:37 AM;00:00:12.7905870;0.01278729;1
1;67;4;WholeRoom;16;-3.557084;-3.475616;230.7547;Box40;0.564;-4.185178;-3.532302;225.6837;0.3175984;null;-3.472001;0.3;5/7/2020 11:59:37 AM;00:00:12.8129965;0.01280417;1
1;67;4;WholeRoom;16;-3.554425;-3.472918;230.297;Box40;0.565;-4.181024;-3.529793;225.7951;0.2875439;null;-3.472001;0.3;5/7/2020 11:59:37 AM;00:00:12.8324798;0.01282649;1
1;67;4;WholeRoom;16;-3.548625;-3.465566;229.5864;Box40;0.567;-4.172723;-3.52468;226.0392;0.4368259;null;-3.472001;0.3;5/7/2020 11:59:37 AM;00:00:12.8574470;0.01284591;1
1;67;4;WholeRoom;16;-3.543458;-3.45684;228.3455;Box40;0.570;-4.164339;-3.518813;226.2515;0.5268874;null;-3.472001;0.3;5/7/2020 11:59:37 AM;00:00:12.8770850;0.01287091;1
1;67;4;WholeRoom;16;-3.53729;-3.450362;228.3647;Box40;0.573;-4.155657;-3.512517;226.443;0.4290498;null;-3.472001;0.3;5/7/2020 11:59:37 AM;00:00:12.8922543;0.01289051;1
1;67;4;WholeRoom;16;-3.529978;-3.443515;229.1516;Box40;0.575;-4.146935;-3.50594;226.6213;0.5572141;null;-3.472001;0.3;5/7/2020 11:59:37 AM;00:00:12.9172782;0.01290585;1
1;67;4;WholeRoom;16;-3.526637;-3.44036;229.7234;Box40;0.576;-4.142589;-3.502372;226.6791;0.366662;null;-3.472001;0.3;5/7/2020 11:59:37 AM;00:00:12.9393950;0.01293055;1
1;67;4;WholeRoom;16;-3.517141;-3.429141;230.6226;Box40;0.581;-4.129007;-3.491441;226.9457;0.7057882;null;-3.472001;0.3;5/7/2020 11:59:37 AM;00:00:12.9528888;0.01295289;1
1;67;4;WholeRoom;16;-3.512994;-3.419742;229.5832;Box40;0.586;-4.119785;-3.483678;227.285;0.5394815;null;-3.472001;0.3;5/7/2020 11:59:37 AM;00:00:12.9755057;0.01296641;1
1;67;4;WholeRoom;16;-3.512403;-3.413652;227.7473;Box40;0.589;-4.115128;-3.479722;227.4765;0.4519934;null;-3.472001;0.3;5/7/2020 11:59:37 AM;00:00:12.9954993;0.01298897;1
1;67;4;WholeRoom;16;-3.511166;-3.402339;223.7341;Box40;0.595;-4.105839;-3.471534;227.9064;0.5489666;null;-3.472001;0.3;5/7/2020 11:59:37 AM;00:00:13.0090395;0.01300899;1
1;67;4;WholeRoom;16;-3.509472;-3.392325;221.2445;Box40;0.600;-4.09635;-3.462422;228.4403;0.6571591;null;-3.472001;0.3;5/7/2020 11:59:37 AM;00:00:13.0348733;0.01302262;1
1;67;4;WholeRoom;16;-3.508188;-3.386942;220.4617;null;0.000;-4.09145;-3.457921;228.7511;0.4880972;null;-3.472001;0.3;5/7/2020 11:59:37 AM;00:00:13.0482375;0.0130481;1
1;67;4;WholeRoom;16;-3.504989;-3.375154;219.3866;null;0.000;-4.081886;-3.447836;229.3555;0.5453572;null;-3.472001;0.3;5/7/2020 11:59:37 AM;00:00:13.0703335;0.01306182;1
1;67;4;WholeRoom;16;-3.503897;-3.369765;218.6687;null;0.000;-4.076958;-3.442846;229.6488;0.5114269;null;-3.472001;0.3;5/7/2020 11:59:37 AM;00:00:13.0894749;0.01308381;1
1;67;4;WholeRoom;16;-3.500399;-3.356472;216.7835;null;0.000;-4.067542;-3.432536;230.1983;0.6348029;null;-3.472001;0.3;5/7/2020 11:59:37 AM;00:00:13.1128825;0.01310282;1
1;67;4;WholeRoom;16;-3.497819;-3.34403;214.5179;null;0.000;-4.057926;-3.421902;230.7326;0.7545226;null;-3.472001;0.3;5/7/2020 11:59:37 AM;00:00:13.1408745;0.01312635;1
1;67;4;WholeRoom;16;-3.494009;-3.33129;212.7416;null;0.000;-4.04807;-3.41167;231.277;0.6035889;null;-3.472001;0.3;5/7/2020 11:59:37 AM;00:00:13.1620150;0.01315417;1
1;67;4;WholeRoom;16;-3.488242;-3.311594;210.1079;null;0.000;-4.034274;-3.395677;232.0763;0.7593777;null;-3.472001;0.3;5/7/2020 11:59:37 AM;00:00:13.1794191;0.01317549;1
1;67;4;WholeRoom;16;-3.487234;-3.298074;206.3858;null;0.000;-4.025759;-3.384474;232.5634;0.6600614;null;-3.472001;0.3;5/7/2020 11:59:37 AM;00:00:13.1971599;0.01319301;1
1;67;4;WholeRoom;16;-3.479584;-3.29587;205.5134;null;0.000;-4.020877;-3.380136;232.7813;0.3726276;null;-3.472001;0.3;5/7/2020 11:59:37 AM;00:00:13.2184248;0.01321065;1
1;67;4;WholeRoom;16;-3.464264;-3.29221;207.5124;null;0.000;-4.012527;-3.36848;233.2034;0.812899;null;-3.472001;0.3;5/7/2020 11:59:37 AM;00:00:13.2358879;0.0132319;1
1;67;4;WholeRoom;16;-3.448924;-3.28651;214.5201;null;0.000;-4.005487;-3.357782;233.4599;0.602577;null;-3.472001;0.3;5/7/2020 11:59:37 AM;00:00:13.2518909;0.01324947;1
1;67;4;WholeRoom;16;-3.439698;-3.273689;213.6029;null;0.000;-3.997352;-3.345871;233.4721;0.8213324;null;-3.472001;0.3;5/7/2020 11:59:37 AM;00:00:13.2745454;0.01326535;1
1;67;4;WholeRoom;16;-3.429074;-3.266923;213.6403;null;0.000;-3.98805;-3.33358;233.618;0.9706431;null;-3.472001;0.3;5/7/2020 11:59:37 AM;00:00:13.2966035;0.01328802;1
1;67;4;WholeRoom;16;-3.419792;-3.256211;211.6388;null;0.000;-3.97888;-3.323125;233.8913;0.6132989;null;-3.472001;0.3;5/7/2020 11:59:37 AM;00:00:13.3190315;0.01331008;1
1;67;4;WholeRoom;16;-3.41206;-3.244755;207.5123;null;0.000;-3.970372;-3.31006;234.1885;0.7069452;null;-3.472001;0.3;5/7/2020 11:59:37 AM;00:00:13.3412574;0.01333247;1
1;67;4;WholeRoom;16;-3.400257;-3.235829;205.5866;null;0.000;-3.960946;-3.297466;234.3837;0.7024464;null;-3.472001;0.3;5/7/2020 11:59:37 AM;00:00:13.3635961;0.01335473;1
1;67;4;WholeRoom;16;-3.389295;-3.229034;205.0356;null;0.000;-3.951106;-3.286499;234.5995;0.6619146;null;-3.472001;0.3;5/7/2020 11:59:37 AM;00:00:13.3860154;0.01337707;1
1;67;4;WholeRoom;16;-3.383023;-3.22216;203.7267;null;0.000;-3.942572;-3.27461;235.0742;0.6550278;null;-3.472001;0.3;5/7/2020 11:59:38 AM;00:00:13.4083554;0.01339944;1
1;67;4;WholeRoom;16;-3.370348;-3.213978;203.5256;null;0.000;-3.93501;-3.263221;235.7342;0.6110762;null;-3.472001;0.3;5/7/2020 11:59:38 AM;00:00:13.4308006;0.01342178;1
1;67;4;WholeRoom;16;-3.361097;-3.206371;203.2288;null;0.000;-3.925966;-3.251647;236.5183;0.6576006;null;-3.472001;0.3;5/7/2020 11:59:38 AM;00:00:13.4530169;0.01344427;1
1;67;4;WholeRoom;16;-3.350708;-3.20001;202.3365;null;0.000;-3.917184;-3.240099;237.2826;0.6451213;null;-3.472001;0.3;5/7/2020 11:59:38 AM;00:00:13.4752962;0.01346649;1
1;67;4;WholeRoom;16;-3.339332;-3.193645;201.4378;null;0.000;-3.907955;-3.228587;238.0155;0.6638941;null;-3.472001;0.3;5/7/2020 11:59:38 AM;00:00:13.4977540;0.01348875;1
1;67;4;WholeRoom;16;-3.328625;-3.189003;200.3458;null;0.000;-3.899648;-3.21699;238.7955;0.6410008;null;-3.472001;0.3;5/7/2020 11:59:38 AM;00:00:13.5200179;0.01351111;1
1;67;4;WholeRoom;16;-3.317095;-3.183974;199.9211;null;0.000;-3.890344;-3.206143;239.6389;0.6390846;null;-3.472001;0.3;5/7/2020 11:59:38 AM;00:00:13.5423313;0.01353349;1
1;67;4;WholeRoom;16;-3.306361;-3.180842;200.655;null;0.000;-3.880692;-3.196264;240.2363;0.6170429;null;-3.472001;0.3;5/7/2020 11:59:38 AM;00:00:13.5646543;0.01355578;1
1;67;4;WholeRoom;16;-3.297575;-3.177129;202.0202;null;0.000;-3.872112;-3.186514;240.6302;0.5827595;null;-3.472001;0.3;5/7/2020 11:59:38 AM;00:00:13.5872479;0.01357812;1
1;67;4;WholeRoom;16;-3.287909;-3.173849;203.4253;null;0.000;-3.863351;-3.177769;240.9666;0.5541198;null;-3.472001;0.3;5/7/2020 11:59:38 AM;00:00:13.6095930;0.01360073;1
1;67;4;WholeRoom;16;-3.277005;-3.172894;205.952;null;0.000;-3.85513;-3.169615;241.3062;0.5121404;null;-3.472001;0.3;5/7/2020 11:59:38 AM;00:00:13.6319416;0.01362304;1
1;67;4;WholeRoom;16;-3.269289;-3.168899;207.0578;null;0.000;-3.846685;-3.161252;241.5565;0.5326681;null;-3.472001;0.3;5/7/2020 11:59:38 AM;00:00:13.6544234;0.01364542;1
1;67;4;WholeRoom;16;-3.261192;-3.163938;205.4034;null;0.000;-3.837865;-3.153748;241.7239;0.517377;null;-3.472001;0.3;5/7/2020 11:59:38 AM;00:00:13.6766044;0.01366783;1
1;67;4;WholeRoom;16;-3.250985;-3.159428;204.7306;null;0.000;-3.828717;-3.145893;241.7062;0.5382261;null;-3.472001;0.3;5/7/2020 11:59:38 AM;00:00:13.6987572;0.01369004;1
1;67;4;WholeRoom;16;-3.238222;-3.156211;206.2113;null;0.000;-3.819676;-3.137963;241.7665;0.5412291;null;-3.472001;0.3;5/7/2020 11:59:38 AM;00:00:13.7165188;0.01371222;1
1;67;4;WholeRoom;16;-3.224731;-3.153198;209.1254;null;0.000;-3.809439;-3.129954;241.8864;0.58627;null;-3.472001;0.3;5/7/2020 11:59:38 AM;00:00:13.7309461;0.01372984;1
1;67;4;WholeRoom;16;-3.21705;-3.151806;211.5349;null;0.000;-3.80378;-3.125763;241.9348;0.399572;null;-3.472001;0.3;5/7/2020 11:59:38 AM;00:00:13.7445147;0.01374449;1
1;67;4;WholeRoom;16;-3.202955;-3.148931;214.9906;null;0.000;-3.793891;-3.117562;242.0021;0.8765081;null;-3.472001;0.3;5/7/2020 11:59:38 AM;00:00:13.7579264;0.01375811;1
1;67;4;WholeRoom;16;-3.195848;-3.147564;216.4109;null;0.000;-3.788503;-3.113646;242.0297;0.4893001;null;-3.472001;0.3;5/7/2020 11:59:38 AM;00:00:13.7753080;0.01377153;1
1;67;4;WholeRoom;16;-3.188751;-3.145742;217.3665;null;0.000;-3.7831;-3.109946;242.0323;0.4880556;null;-3.472001;0.3;5/7/2020 11:59:38 AM;00:00:13.7887633;0.01378879;1
1;67;4;WholeRoom;16;-3.181723;-3.143751;217.8549;null;0.000;-3.777694;-3.10623;241.9826;0.3799892;null;-3.472001;0.3;5/7/2020 11:59:38 AM;00:00:13.8063788;0.01380236;1
1;67;4;WholeRoom;16;-3.167166;-3.140403;218.931;null;0.000;-3.767237;-3.099499;241.8023;0.9165109;null;-3.472001;0.3;5/7/2020 11:59:38 AM;00:00:13.8201743;0.01381624;1
1;67;4;WholeRoom;16;-3.159558;-3.139723;220.0532;null;0.000;-3.761993;-3.096418;241.6877;0.4379672;null;-3.472001;0.3;5/7/2020 11:59:38 AM;00:00:13.8341022;0.01383359;1
1;67;4;WholeRoom;16;-3.142219;-3.138036;223.6089;null;0.000;-3.750901;-3.090346;241.3553;0.7289746;null;-3.472001;0.3;5/7/2020 11:59:38 AM;00:00:13.8480156;0.0138475;1
1;67;4;WholeRoom;16;-3.133087;-3.136637;225.1756;null;0.000;-3.745407;-3.087478;241.2039;0.4457343;null;-3.472001;0.3;5/7/2020 11:59:38 AM;00:00:13.8658939;0.01386153;1
1;67;4;WholeRoom;16;-3.124386;-3.135236;226.758;null;0.000;-3.740737;-3.084988;240.9929;0.3772216;null;-3.472001;0.3;5/7/2020 11:59:38 AM;00:00:13.8795145;0.01387935;1
1;67;4;WholeRoom;16;-3.106704;-3.131653;229.2414;null;0.000;-3.729758;-3.079603;240.4642;0.6862209;null;-3.472001;0.3;5/7/2020 11:59:38 AM;00:00:13.8934588;0.01389311;1
1;67;4;WholeRoom;16;-3.097895;-3.1303;230.0318;null;0.000;-3.723704;-3.077009;240.1614;0.4786377;null;-3.472001;0.3;5/7/2020 11:59:38 AM;00:00:13.9110459;0.01390693;1
1;67;4;WholeRoom;16;-3.089132;-3.128703;230.8418;null;0.000;-3.717953;-3.074132;239.8871;0.4652161;null;-3.472001;0.3;5/7/2020 11:59:38 AM;00:00:13.9248103;0.01392464;1
1;67;4;WholeRoom;16;-3.071306;-3.124354;232.0986;null;0.000;-3.706108;-3.06988;239.4252;0.7107025;null;-3.472001;0.3;5/7/2020 11:59:38 AM;00:00:13.9424875;0.01393837;1
1;67;4;WholeRoom;16;-3.062782;-3.12241;232.656;null;0.000;-3.700054;-3.066706;239.2211;0.4977824;null;-3.472001;0.3;5/7/2020 11:59:38 AM;00:00:13.9561479;0.01395233;1
1;67;4;WholeRoom;16;-3.053652;-3.120223;233.3865;null;0.000;-3.693973;-3.064299;239.0411;0.4684543;null;-3.472001;0.3;5/7/2020 11:59:38 AM;00:00:13.9700377;0.01396974;1
1;67;4;WholeRoom;16;-3.035324;-3.117606;235.0639;null;0.000;-3.681084;-3.059216;238.709;0.7957187;null;-3.472001;0.3;5/7/2020 11:59:38 AM;00:00:13.9838267;0.01398362;1
1;67;4;WholeRoom;16;-3.026362;-3.116282;236.1939;null;0.000;-3.674717;-3.056758;238.5515;0.4918382;null;-3.472001;0.3;5/7/2020 11:59:38 AM;00:00:14.0015060;0.0139973;1
1;67;4;WholeRoom;16;-3.017112;-3.115192;237.7109;null;0.000;-3.66792;-3.054338;238.4494;0.5275558;null;-3.472001;0.3;5/7/2020 11:59:38 AM;00:00:14.0154322;0.01401501;1
1;67;4;WholeRoom;16;-2.998998;-3.111148;239.9112;null;0.000;-3.654265;-3.049224;238.2049;0.8231238;null;-3.472001;0.3;5/7/2020 11:59:38 AM;00:00:14.0295507;0.01402891;1
1;67;4;WholeRoom;16;-2.990328;-3.10913;240.7775;null;0.000;-3.647193;-3.046813;237.9982;0.5376726;null;-3.472001;0.3;5/7/2020 11:59:38 AM;00:00:14.0471688;0.01404315;1
1;67;4;WholeRoom;16;-2.98138;-3.106304;241.1579;null;0.000;-3.640075;-3.044423;237.8069;0.5273046;null;-3.472001;0.3;5/7/2020 11:59:38 AM;00:00:14.0614314;0.01406076;1
1;67;4;WholeRoom;16;-2.964259;-3.102026;241.6044;null;0.000;-3.625346;-3.039694;237.6679;0.8782622;null;-3.472001;0.3;5/7/2020 11:59:38 AM;00:00:14.0752849;0.01407487;1
1;67;4;WholeRoom;16;-2.954955;-3.100533;242.2109;null;0.000;-3.617981;-3.03745;237.6385;0.5456677;null;-3.472001;0.3;5/7/2020 11:59:38 AM;00:00:14.0927640;0.01408887;1
1;67;4;WholeRoom;16;-2.946212;-3.098778;242.9235;null;0.000;-3.610783;-3.035017;237.5008;0.5427508;null;-3.472001;0.3;5/7/2020 11:59:38 AM;00:00:14.1067504;0.01410637;1
1;67;4;WholeRoom;16;-2.92936;-3.095011;244.1526;null;0.000;-3.596105;-3.030217;237.1255;0.882542;null;-3.472001;0.3;5/7/2020 11:59:38 AM;00:00:14.1206305;0.01412023;1
1;67;4;WholeRoom;16;-2.922149;-3.093715;244.3719;null;0.000;-3.58865;-3.027755;236.9915;0.5661615;null;-3.472001;0.3;5/7/2020 11:59:38 AM;00:00:14.1383001;0.01413423;1
1;67;4;WholeRoom;16;-2.914578;-3.092136;244.7351;null;0.000;-3.581183;-3.025235;236.979;0.5631425;null;-3.472001;0.3;5/7/2020 11:59:38 AM;00:00:14.1522353;0.01415178;1
1;67;4;WholeRoom;16;-2.89826;-3.088305;245.1804;null;0.000;-3.56601;-3.020032;237.1308;0.913707;null;-3.472001;0.3;5/7/2020 11:59:38 AM;00:00:14.1697753;0.01416581;1
1;67;4;WholeRoom;16;-2.891516;-3.087198;245.4809;null;0.000;-3.558688;-3.017397;237.2716;0.5546707;null;-3.472001;0.3;5/7/2020 11:59:38 AM;00:00:14.1840753;0.01417962;1
1;67;4;WholeRoom;16;-2.883339;-3.085496;245.8989;null;0.000;-3.551377;-3.015148;237.4423;0.553955;null;-3.472001;0.3;5/7/2020 11:59:38 AM;00:00:14.1979393;0.01419749;1
1;67;4;WholeRoom;16;-2.868085;-3.081333;246.5904;null;0.000;-3.537606;-3.010273;237.6501;0.8174213;null;-3.472001;0.3;5/7/2020 11:59:38 AM;00:00:14.2120338;0.01421153;1
1;67;4;WholeRoom;16;-2.867469;-3.080321;246.5261;null;0.000;-3.537805;-3.010373;237.5838;0.01581486;null;-3.472001;0.3;5/7/2020 11:59:38 AM;00:00:14.2298683;0.0142256;1
1;67;4;WholeRoom;16;-2.852299;-3.074704;247.2742;null;0.000;-3.524356;-3.0055;237.3916;1.016605;null;-3.472001;0.3;5/7/2020 11:59:38 AM;00:00:14.2439625;0.01424334;1
1;67;4;WholeRoom;16;-2.844144;-3.072312;247.6354;null;0.000;-3.517637;-3.003023;237.3268;0.403681;null;-3.472001;0.3;5/7/2020 11:59:38 AM;00:00:14.2579475;0.0142575;1
1;67;4;WholeRoom;16;-2.835977;-3.069485;248.0052;null;0.000;-3.510934;-3.000477;237.2636;0.5064789;null;-3.472001;0.3;5/7/2020 11:59:38 AM;00:00:14.2748568;0.01427153;1
1;67;4;WholeRoom;16;-2.820486;-3.06518;248.4256;null;0.000;-3.49801;-2.995387;237.106;0.9893687;null;-3.472001;0.3;5/7/2020 11:59:38 AM;00:00:14.2882745;0.01428816;1
1;67;4;WholeRoom;16;-2.813192;-3.062812;248.2954;null;0.000;-3.49214;-2.992891;237.0098;0.3836334;null;-3.472001;0.3;5/7/2020 11:59:38 AM;00:00:14.3052133;0.01430188;1
1;67;4;WholeRoom;16;-2.806168;-3.059826;247.6542;null;0.000;-3.486015;-2.990209;236.915;0.4876047;null;-3.472001;0.3;5/7/2020 11:59:38 AM;00:00:14.3184164;0.01431867;1
1;67;4;WholeRoom;16;-2.792451;-3.054011;245.8302;null;0.000;-3.473784;-2.984902;236.8435;0.7938799;null;-3.472001;0.3;5/7/2020 11:59:38 AM;00:00:14.3336112;0.01433196;1
1;67;4;WholeRoom;16;-2.786466;-3.05149;244.9592;null;0.000;-3.467995;-2.982196;236.8329;0.480682;null;-3.472001;0.3;5/7/2020 11:59:38 AM;00:00:14.3487632;0.0143472;1
1;67;4;WholeRoom;16;-2.780558;-3.049128;244.4914;null;0.000;-3.461916;-2.979467;236.8105;0.4375054;null;-3.472001;0.3;5/7/2020 11:59:38 AM;00:00:14.3667588;0.01436222;1
1;67;4;WholeRoom;16;-2.770226;-3.043704;243.7179;null;0.000;-3.45016;-2.973958;236.9217;0.8644329;null;-3.472001;0.3;5/7/2020 11:59:38 AM;00:00:14.3807072;0.01438034;1
1;67;4;WholeRoom;16;-2.765281;-3.039974;243.0245;null;0.000;-3.444142;-2.97122;236.9716;0.3647234;null;-3.472001;0.3;5/7/2020 11:59:39 AM;00:00:14.3947987;0.01439428;1
1;67;4;WholeRoom;16;-2.757612;-3.030987;240.1316;null;0.000;-3.432381;-2.965469;237.1583;0.9392385;null;-3.472001;0.3;5/7/2020 11:59:39 AM;00:00:14.4123153;0.01440827;1
1;67;4;WholeRoom;16;-2.753494;-3.026213;238.8769;null;0.000;-3.426259;-2.962504;237.243;0.4862642;null;-3.472001;0.3;5/7/2020 11:59:39 AM;00:00:14.4284441;0.01442586;1

