Participant ID;Test ID;Detection_range_in_Meters;FOD;Scenario;Whitecane_pos_X;Whitecane_pos_Y;Whitecane_orientation;Object_detected;Distance_to_object;Person_pos_X;Person_pos_Y;Person_orientation;Person_Speed;Object_collision;Object_pos_X;Object_pos_Y;Time_stamp;Timer;Time_in_MS;Day_nr.
1;341;1;Baseline;19;0;0;0;;0.000;0;0;0;0;;0;0;5/12/2020 10:49:29 AM;00:00:00.0044358;0;3
1;341;1;Baseline;19;-8.332682;-7.106947;155.7127;null;0.000;-8.556402;-7.301862;214.5571;0.0195999;;0;0;5/12/2020 10:49:29 AM;00:00:00.0143004;1.24988E-05;3
1;341;1;Baseline;19;-8.332588;-7.106629;155.837;null;0.000;-8.556202;-7.301877;214.5132;0.01606685;;0;0;5/12/2020 10:49:29 AM;00:00:00.0216680;2.81248E-05;3
1;341;1;Baseline;19;-8.332525;-7.106845;155.9429;null;0.000;-8.555616;-7.302171;214.4579;0.04193732;;0;0;5/12/2020 10:49:29 AM;00:00:00.0277401;3.54726E-05;3
1;341;1;Baseline;19;-8.33252;-7.106824;156.0212;null;0.000;-8.555417;-7.302198;214.4044;0.0273861;;0;0;5/12/2020 10:49:29 AM;00:00:00.0394056;4.17422E-05;3
1;341;1;Baseline;19;-8.33261;-7.106734;156.0854;null;0.000;-8.555272;-7.302206;214.3532;0.02315286;;0;0;5/12/2020 10:49:29 AM;00:00:00.0500778;5.29942E-05;3
1;341;1;Baseline;19;-8.332514;-7.106891;156.072;null;0.000;-8.555002;-7.302344;214.3237;0.02695107;;0;0;5/12/2020 10:49:29 AM;00:00:00.0610210;6.38268E-05;3
1;341;1;Baseline;19;-8.332765;-7.107146;156.0654;null;0.000;-8.554952;-7.30241;214.2796;0.0076249;;0;0;5/12/2020 10:49:29 AM;00:00:00.0722998;7.48129E-05;3
1;341;1;Baseline;19;-8.332931;-7.107337;156.018;null;0.000;-8.555025;-7.302423;214.2595;0.006801649;;0;0;5/12/2020 10:49:29 AM;00:00:00.0833877;8.606179E-05;3
1;341;1;Baseline;19;-8.332897;-7.107501;155.9037;null;0.000;-8.554976;-7.30258;214.2593;0.0146264;;0;0;5/12/2020 10:49:29 AM;00:00:00.0945266;9.71765E-05;3
1;341;1;Baseline;19;-8.332378;-7.107718;155.7675;null;0.000;-8.554729;-7.302563;214.2364;0.02219098;;0;0;5/12/2020 10:49:29 AM;00:00:00.1057797;0.0001083412;3
1;341;1;Baseline;19;-8.331798;-7.108613;155.673;null;0.000;-8.554916;-7.302715;214.249;0.02158513;;0;0;5/12/2020 10:49:29 AM;00:00:00.1169590;0.0001195837;3
1;341;1;Baseline;19;-8.331678;-7.10864;155.6096;null;0.000;-8.554979;-7.303071;214.2477;0.03217397;;0;0;5/12/2020 10:49:29 AM;00:00:00.1280782;0.0001307573;3
1;341;1;Baseline;19;-8.331305;-7.109163;155.5612;null;0.000;-8.554935;-7.303265;214.2294;0.01774294;;0;0;5/12/2020 10:49:29 AM;00:00:00.1392804;0.0001418308;3
1;341;1;Baseline;19;-8.330935;-7.109248;155.5409;null;0.000;-8.554928;-7.303468;214.2076;0.01835394;;0;0;5/12/2020 10:49:29 AM;00:00:00.1506270;0.0001530817;3
1;341;1;Baseline;19;-8.330875;-7.109167;155.5222;null;0.000;-8.554668;-7.303649;214.2224;0.02812386;;0;0;5/12/2020 10:49:29 AM;00:00:00.1659277;0.0001644336;3
1;341;1;Baseline;19;-8.331232;-7.108714;155.5668;null;0.000;-8.554441;-7.303718;214.2449;0.02088931;;0;0;5/12/2020 10:49:29 AM;00:00:00.1724904;0.0001795825;3
1;341;1;Baseline;19;-8.331439;-7.108276;155.6647;null;0.000;-8.554098;-7.303605;214.3185;0.02384961;;0;0;5/12/2020 10:49:29 AM;00:00:00.1839182;0.0001864891;3
1;341;1;Baseline;19;-8.331427;-7.107889;155.8181;null;0.000;-8.553751;-7.30362;214.3786;0.05030725;;0;0;5/12/2020 10:49:29 AM;00:00:00.1950974;0.0001977001;3
1;341;1;Baseline;19;-8.331999;-7.107304;155.9406;null;0.000;-8.55364;-7.303515;214.4439;0.01359885;;0;0;5/12/2020 10:49:29 AM;00:00:00.2062990;0.0002089045;3
1;341;1;Baseline;19;-8.331671;-7.106884;156.0471;null;0.000;-8.55336;-7.303316;214.493;0.03070284;;0;0;5/12/2020 10:49:29 AM;00:00:00.2174449;0.0002200998;3
1;341;1;Baseline;19;-8.331387;-7.106853;156.074;null;0.000;-8.552908;-7.303066;214.525;0.0461355;;0;0;5/12/2020 10:49:29 AM;00:00:00.2288597;0.0002312341;3
1;341;1;Baseline;19;-8.330896;-7.107132;156.0599;null;0.000;-8.552662;-7.302897;214.5258;0.02679865;;0;0;5/12/2020 10:49:29 AM;00:00:00.2402661;0.0002425888;3
1;341;1;Baseline;19;-8.330397;-7.107285;155.9699;null;0.000;-8.552422;-7.302805;214.4831;0.02266411;;0;0;5/12/2020 10:49:29 AM;00:00:00.2511462;0.0002538385;3
1;341;1;Baseline;19;-8.330059;-7.107547;155.7994;null;0.000;-8.552114;-7.303007;214.419;0.03268206;;0;0;5/12/2020 10:49:29 AM;00:00:00.2623044;0.0002649642;3
1;341;1;Baseline;19;-8.329366;-7.10775;155.6718;null;0.000;-8.551837;-7.303009;214.3553;0.02494431;;0;0;5/12/2020 10:49:29 AM;00:00:00.2734652;0.0002761267;3
1;341;1;Baseline;19;-8.32905;-7.108147;155.4833;null;0.000;-8.551777;-7.303122;214.2693;0.0115037;;0;0;5/12/2020 10:49:29 AM;00:00:00.2847109;0.0002872711;3
1;341;1;Baseline;19;-8.328735;-7.108153;155.3298;null;0.000;-8.551798;-7.303235;214.1918;0.01027177;;0;0;5/12/2020 10:49:29 AM;00:00:00.2958116;0.0002984779;3
1;341;1;Baseline;19;-8.328489;-7.108429;155.2189;null;0.000;-8.5515;-7.303287;214.1096;0.0269599;;0;0;5/12/2020 10:49:29 AM;00:00:00.3073062;0.0003096052;3
1;341;1;Baseline;19;-8.32848;-7.10849;155.1288;null;0.000;-8.551353;-7.303349;214.05;0.01434306;;0;0;5/12/2020 10:49:29 AM;00:00:00.3181296;0.0003211107;3
1;341;1;Baseline;19;-8.328517;-7.108369;155.1183;null;0.000;-8.551445;-7.303504;213.9799;0.01564413;;0;0;5/12/2020 10:49:29 AM;00:00:00.3293202;0.000331949;3
1;341;1;Baseline;19;-8.328365;-7.10819;155.1243;null;0.000;-8.551112;-7.303552;213.9402;0.03101625;;0;0;5/12/2020 10:49:30 AM;00:00:00.3406210;0.0003431174;3
1;341;1;Baseline;19;-8.328621;-7.107698;155.2293;null;0.000;-8.550932;-7.303658;213.8798;0.01873794;;0;0;5/12/2020 10:49:30 AM;00:00:00.3516873;0.0003544071;3
1;341;1;Baseline;19;-8.328621;-7.107141;155.3492;null;0.000;-8.551242;-7.303521;213.7741;0.03001076;;0;0;5/12/2020 10:49:30 AM;00:00:00.3629241;0.0003654946;3
1;341;1;Baseline;19;-8.328526;-7.106785;155.4673;null;0.000;-8.550859;-7.303571;213.7168;0.03478019;;0;0;5/12/2020 10:49:30 AM;00:00:00.3742380;0.0003767342;3
1;341;1;Baseline;19;-8.328285;-7.106439;155.5423;null;0.000;-8.550701;-7.303633;213.6649;0.01512631;;0;0;5/12/2020 10:49:30 AM;00:00:00.3855246;0.000388031;3
1;341;1;Baseline;19;-8.328556;-7.10629;155.5893;null;0.000;-8.550985;-7.303401;213.5898;0.03246113;;0;0;5/12/2020 10:49:30 AM;00:00:00.3970933;0.0003993193;3
1;341;1;Baseline;19;-8.328325;-7.106299;155.5972;null;0.000;-8.550882;-7.303393;213.5384;0.009149208;;0;0;5/12/2020 10:49:30 AM;00:00:00.4083282;0.0004107968;3
1;341;1;Baseline;19;-8.328297;-7.106301;155.555;null;0.000;-8.550869;-7.303307;213.5318;0.007650219;;0;0;5/12/2020 10:49:30 AM;00:00:00.4196628;0.0004221209;3
1;341;1;Baseline;19;-8.32817;-7.106421;155.4788;null;0.000;-8.55097;-7.303157;213.4999;0.0159185;;0;0;5/12/2020 10:49:30 AM;00:00:00.4309432;0.0004334764;3
1;341;1;Baseline;19;-8.327845;-7.106557;155.3965;null;0.000;-8.551068;-7.303071;213.5108;0.0115149;;0;0;5/12/2020 10:49:30 AM;00:00:00.4424866;0.0004447627;3
1;341;1;Baseline;19;-8.327793;-7.106867;155.2903;null;0.000;-8.55146;-7.302851;213.5282;0.03981761;;0;0;5/12/2020 10:49:30 AM;00:00:00.4537310;0.0004562642;3
1;341;1;Baseline;19;-8.327711;-7.106842;155.2011;null;0.000;-8.551447;-7.302855;213.5634;0.001207295;;0;0;5/12/2020 10:49:30 AM;00:00:00.4648964;0.0004674984;3
1;341;1;Baseline;19;-8.327533;-7.107142;155.1022;null;0.000;-8.55164;-7.302873;213.6208;0.01721975;;0;0;5/12/2020 10:49:30 AM;00:00:00.4758709;0.0004787004;3
1;341;1;Baseline;19;-8.327269;-7.107359;155.0428;null;0.000;-8.551919;-7.302989;213.6397;0.02702031;;0;0;5/12/2020 10:49:30 AM;00:00:00.4871262;0.0004896875;3
1;341;1;Baseline;19;-8.326931;-7.107392;155.0012;null;0.000;-8.551628;-7.303041;213.6751;0.02690059;;0;0;5/12/2020 10:49:30 AM;00:00:00.4981613;0.0005008925;3
1;341;1;Baseline;19;-8.326981;-7.107215;154.9807;null;0.000;-8.551558;-7.303024;213.7248;0.006492089;;0;0;5/12/2020 10:49:30 AM;00:00:00.5094386;0.0005119826;3
1;341;1;Baseline;19;-8.326917;-7.106931;155.0068;null;0.000;-8.551674;-7.302885;213.7848;0.01636134;;0;0;5/12/2020 10:49:30 AM;00:00:00.5206153;0.0005232541;3
1;341;1;Baseline;19;-8.326927;-7.106915;155.0453;null;0.000;-8.551409;-7.302818;213.8658;0.0242453;;0;0;5/12/2020 10:49:30 AM;00:00:00.5318554;0.0005343884;3
1;341;1;Baseline;19;-8.326899;-7.106371;155.166;null;0.000;-8.551121;-7.302573;213.9658;0.03396539;;0;0;5/12/2020 10:49:30 AM;00:00:00.5431760;0.0005456821;3
1;341;1;Baseline;19;-8.326885;-7.105849;155.3012;null;0.000;-8.550829;-7.302251;214.0816;0.03846955;;0;0;5/12/2020 10:49:30 AM;00:00:00.5545705;0.0005569855;3
1;341;1;Baseline;19;-8.326998;-7.105743;155.3984;null;0.000;-8.55082;-7.301956;214.1475;0.02612373;;0;0;5/12/2020 10:49:30 AM;00:00:00.5657354;0.0005683577;3
1;341;1;Baseline;19;-8.326894;-7.105371;155.4678;null;0.000;-8.550537;-7.301605;214.2201;0.03965734;;0;0;5/12/2020 10:49:30 AM;00:00:00.5772069;0.0005795629;3
1;341;1;Baseline;19;-8.326551;-7.105327;155.5193;null;0.000;-8.550539;-7.30121;214.2472;0.03523594;;0;0;5/12/2020 10:49:30 AM;00:00:00.5884766;0.0005910076;3
1;341;1;Baseline;19;-8.326233;-7.105345;155.4852;null;0.000;-8.550304;-7.300983;214.2404;0.02855134;;0;0;5/12/2020 10:49:30 AM;00:00:00.5998828;0.0006022423;3
1;341;1;Baseline;19;-8.325899;-7.105609;155.4037;null;0.000;-8.550022;-7.300891;214.1997;0.02641485;;0;0;5/12/2020 10:49:30 AM;00:00:00.6111532;0.0006136474;3
1;341;1;Baseline;19;-8.325647;-7.105935;155.2671;null;0.000;-8.550014;-7.300827;214.1051;0.005683734;;0;0;5/12/2020 10:49:30 AM;00:00:00.6226138;0.0006249512;3
1;341;1;Baseline;19;-8.325018;-7.106134;155.207;null;0.000;-8.549676;-7.300817;214.0335;0.02996487;;0;0;5/12/2020 10:49:30 AM;00:00:00.6337370;0.0006364037;3
1;341;1;Baseline;19;-8.324629;-7.106687;155.0799;null;0.000;-8.549686;-7.300913;213.928;0.008501614;;0;0;5/12/2020 10:49:30 AM;00:00:00.6450720;0.0006475139;3
1;341;1;Baseline;19;-8.324541;-7.106884;155.0095;null;0.000;-8.549637;-7.301008;213.8338;0.00959887;;0;0;5/12/2020 10:49:30 AM;00:00:00.6564077;0.0006588782;3
1;341;1;Baseline;19;-8.324646;-7.10712;154.9277;null;0.000;-8.549408;-7.301165;213.7539;0.02441728;;0;0;5/12/2020 10:49:30 AM;00:00:00.6676765;0.0006702053;3
1;341;1;Baseline;19;-8.325018;-7.106711;154.8974;null;0.000;-8.549338;-7.301266;213.6846;0.0108362;;0;0;5/12/2020 10:49:30 AM;00:00:00.6789041;0.0006814474;3
1;341;1;Baseline;19;-8.325197;-7.106519;154.9244;null;0.000;-8.549216;-7.301269;213.604;0.0108613;;0;0;5/12/2020 10:49:30 AM;00:00:00.6900134;0.0006926439;3
1;341;1;Baseline;19;-8.324938;-7.105988;155.0007;null;0.000;-8.548761;-7.301289;213.521;0.04067026;;0;0;5/12/2020 10:49:30 AM;00:00:00.7010957;0.0007038066;3
1;341;1;Baseline;19;-8.325027;-7.10529;155.0916;null;0.000;-8.54862;-7.301322;213.4242;0.01297348;;0;0;5/12/2020 10:49:30 AM;00:00:00.7123369;0.0007148755;3
1;341;1;Baseline;19;-8.324896;-7.105062;155.2459;null;0.000;-8.548241;-7.301393;213.3446;0.03488646;;0;0;5/12/2020 10:49:30 AM;00:00:00.7235592;0.0007261302;3
1;341;1;Baseline;19;-8.324898;-7.10471;155.338;null;0.000;-8.547985;-7.301438;213.261;0.02307072;;0;0;5/12/2020 10:49:30 AM;00:00:00.7346954;0.0007373468;3
1;341;1;Baseline;19;-8.324816;-7.104478;155.4339;null;0.000;-8.547836;-7.301393;213.1901;0.01387733;;0;0;5/12/2020 10:49:30 AM;00:00:00.7458889;0.0007484783;3
1;341;1;Baseline;19;-8.324675;-7.104287;155.4908;null;0.000;-8.547523;-7.301498;213.1467;0.02973364;;0;0;5/12/2020 10:49:30 AM;00:00:00.7572993;0.0007596549;3
1;341;1;Baseline;19;-8.324514;-7.104201;155.4885;null;0.000;-8.547314;-7.301461;213.0851;0.01898095;;0;0;5/12/2020 10:49:30 AM;00:00:00.7681526;0.0007710665;3
1;341;1;Baseline;19;-8.323921;-7.104485;155.4217;null;0.000;-8.547307;-7.301406;213.0225;0.004840787;;0;0;5/12/2020 10:49:30 AM;00:00:00.7798368;0.0007819466;3
1;341;1;Baseline;19;-8.323837;-7.104311;155.3273;null;0.000;-8.547346;-7.301429;213.0096;0.004164214;;0;0;5/12/2020 10:49:30 AM;00:00:00.7907021;0.0007936017;3
1;341;1;Baseline;19;-8.323483;-7.104515;155.2106;null;0.000;-8.547283;-7.301402;212.9825;0.005866319;;0;0;5/12/2020 10:49:30 AM;00:00:00.8017512;0.0008044804;3
1;341;1;Baseline;19;-8.323548;-7.104578;155.1151;null;0.000;-8.547407;-7.301394;212.9604;0.01141793;;0;0;5/12/2020 10:49:30 AM;00:00:00.8130521;0.0008155184;3
1;341;1;Baseline;19;-8.323362;-7.10479;155.0336;null;0.000;-8.547594;-7.301454;212.9743;0.01776129;;0;0;5/12/2020 10:49:30 AM;00:00:00.8240566;0.0008268352;3
1;341;1;Baseline;19;-8.323023;-7.10499;154.9744;null;0.000;-8.547734;-7.301604;212.9646;0.01818627;;0;0;5/12/2020 10:49:30 AM;00:00:00.8352110;0.0008378272;3
1;341;1;Baseline;19;-8.322611;-7.105601;154.9129;null;0.000;-8.547929;-7.301709;212.9435;0.02010829;;0;0;5/12/2020 10:49:30 AM;00:00:00.8464096;0.000848996;3
1;341;1;Baseline;19;-8.322529;-7.105752;154.8502;null;0.000;-8.547936;-7.301934;212.9455;0.02016299;;0;0;5/12/2020 10:49:30 AM;00:00:00.8575714;0.0008601505;3
1;341;1;Baseline;19;-8.322815;-7.105676;154.8473;null;0.000;-8.547979;-7.302016;212.964;0.008260626;;0;0;5/12/2020 10:49:30 AM;00:00:00.8687682;0.0008713281;3
1;341;1;Baseline;19;-8.322823;-7.105427;154.8436;null;0.000;-8.547997;-7.302023;212.9911;0.001742808;;0;0;5/12/2020 10:49:30 AM;00:00:00.8797973;0.0008825252;3
1;341;1;Baseline;19;-8.322936;-7.105168;154.8997;null;0.000;-8.547774;-7.301912;213.0462;0.02226356;;0;0;5/12/2020 10:49:30 AM;00:00:00.8910653;0.0008936084;3
1;341;1;Baseline;19;-8.32314;-7.104766;155.0099;null;0.000;-8.547704;-7.301854;213.0976;0.008224678;;0;0;5/12/2020 10:49:30 AM;00:00:00.9021337;0.0009048576;3
1;341;1;Baseline;19;-8.322938;-7.104457;155.1044;null;0.000;-8.54754;-7.301648;213.1727;0.02344147;;0;0;5/12/2020 10:49:30 AM;00:00:00.9134162;0.0009159399;3
1;341;1;Baseline;19;-8.322924;-7.104112;155.2175;null;0.000;-8.547295;-7.301485;213.2418;0.02654021;;0;0;5/12/2020 10:49:30 AM;00:00:00.9245794;0.0009271633;3
1;341;1;Baseline;19;-8.322981;-7.103868;155.2742;null;0.000;-8.547163;-7.301257;213.3118;0.02348737;;0;0;5/12/2020 10:49:30 AM;00:00:00.9358869;0.0009383332;3
1;341;1;Baseline;19;-8.322983;-7.103557;155.2812;null;0.000;-8.547029;-7.301033;213.3643;0.02328159;;0;0;5/12/2020 10:49:30 AM;00:00:00.9468945;0.0009496809;3
1;341;1;Baseline;19;-8.322979;-7.103243;155.2621;null;0.000;-8.546858;-7.300862;213.382;0.0213637;;0;0;5/12/2020 10:49:30 AM;00:00:00.9581054;0.0009606805;3
1;341;1;Baseline;19;-8.322904;-7.103512;155.1574;null;0.000;-8.546916;-7.300795;213.3681;0.008115605;;0;0;5/12/2020 10:49:30 AM;00:00:00.9691624;0.0009718926;3
1;341;1;Baseline;19;-8.322704;-7.103776;155.0977;null;0.000;-8.546944;-7.300712;213.3308;0.007800366;;0;0;5/12/2020 10:49:30 AM;00:00:00.9804194;0.0009829688;3
1;341;1;Baseline;19;-8.322416;-7.104135;154.9558;null;0.000;-8.54686;-7.300871;213.3029;0.01625293;;0;0;5/12/2020 10:49:30 AM;00:00:00.9916113;0.00099419;3
1;341;1;Baseline;19;-8.322123;-7.104426;154.8611;null;0.000;-8.547054;-7.300924;213.2453;0.01796786;;0;0;5/12/2020 10:49:30 AM;00:00:01.0028065;0.001005405;3
1;341;1;Baseline;19;-8.322068;-7.104604;154.7637;null;0.000;-8.547169;-7.300959;213.1805;0.01066606;;0;0;5/12/2020 10:49:30 AM;00:00:01.0139892;0.001016585;3
1;341;1;Baseline;19;-8.322093;-7.104671;154.6416;null;0.000;-8.547346;-7.300924;213.085;0.01616831;;0;0;5/12/2020 10:49:30 AM;00:00:01.0251332;0.001027713;3
1;341;1;Baseline;19;-8.321928;-7.104734;154.5621;null;0.000;-8.547144;-7.300869;213.0036;0.01881306;;0;0;5/12/2020 10:49:30 AM;00:00:01.0362498;0.001038898;3
1;341;1;Baseline;19;-8.321974;-7.104871;154.4989;null;0.000;-8.547171;-7.300862;212.9414;0.002471721;;0;0;5/12/2020 10:49:30 AM;00:00:01.0475112;0.001050001;3
1;341;1;Baseline;19;-8.322156;-7.104842;154.4585;null;0.000;-8.547156;-7.300834;212.8996;0.002880744;;0;0;5/12/2020 10:49:30 AM;00:00:01.0587253;0.001061289;3
1;341;1;Baseline;19;-8.322445;-7.104682;154.5347;null;0.000;-8.547194;-7.300789;212.8666;0.005159947;;0;0;5/12/2020 10:49:30 AM;00:00:01.0697961;0.001072513;3
1;341;1;Baseline;19;-8.322313;-7.104569;154.6528;null;0.000;-8.547184;-7.300719;212.8357;0.006260492;;0;0;5/12/2020 10:49:30 AM;00:00:01.0810156;0.001083568;3
1;341;1;Baseline;19;-8.3225;-7.104216;154.7396;null;0.000;-8.547023;-7.300731;212.8033;0.01461976;;0;0;5/12/2020 10:49:30 AM;00:00:01.0923153;0.001094738;3
1;341;1;Baseline;19;-8.32265;-7.104071;154.83;null;0.000;-8.547105;-7.30066;212.7813;0.009713944;;0;0;5/12/2020 10:49:30 AM;00:00:01.1034448;0.001106108;3
1;341;1;Baseline;19;-8.322586;-7.103818;154.8971;null;0.000;-8.547061;-7.300527;212.7502;0.01236042;;0;0;5/12/2020 10:49:30 AM;00:00:01.1146181;0.001117195;3
1;341;1;Baseline;19;-8.322649;-7.10373;154.9446;null;0.000;-8.546926;-7.30061;212.7206;0.01427415;;0;0;5/12/2020 10:49:30 AM;00:00:01.1256257;0.001128392;3
1;341;1;Baseline;19;-8.322395;-7.103491;154.9792;null;0.000;-8.546812;-7.300433;212.6926;0.01881732;;0;0;5/12/2020 10:49:30 AM;00:00:01.1368354;0.001139409;3
1;341;1;Baseline;19;-8.322538;-7.103229;154.9755;null;0.000;-8.546868;-7.300328;212.6808;0.0108435;;0;0;5/12/2020 10:49:30 AM;00:00:01.1483898;0.001150609;3
1;341;1;Baseline;19;-8.322432;-7.10351;154.9063;null;0.000;-8.546878;-7.300546;212.6698;0.0194758;;0;0;5/12/2020 10:49:30 AM;00:00:01.1592238;0.001161997;3
1;341;1;Baseline;19;-8.322511;-7.103814;154.86;null;0.000;-8.547153;-7.300475;212.6717;0.02498188;;0;0;5/12/2020 10:49:30 AM;00:00:01.1702822;0.001172995;3
1;341;1;Baseline;19;-8.32304;-7.103231;154.7947;null;0.000;-8.547377;-7.30045;212.701;0.02041637;;0;0;5/12/2020 10:49:30 AM;00:00:01.1814798;0.001184073;3
1;341;1;Baseline;19;-8.322985;-7.103582;154.7116;null;0.000;-8.5477;-7.300366;212.7078;0.0301603;;0;0;5/12/2020 10:49:30 AM;00:00:01.1926366;0.001195267;3
1;341;1;Baseline;19;-8.323156;-7.103762;154.6704;null;0.000;-8.548012;-7.300397;212.7267;0.02800231;;0;0;5/12/2020 10:49:30 AM;00:00:01.2037777;0.001206429;3
1;341;1;Baseline;19;-8.32325;-7.103958;154.635;null;0.000;-8.548252;-7.300476;212.7348;0.02265375;;0;0;5/12/2020 10:49:30 AM;00:00:01.2152580;0.001217567;3
1;341;1;Baseline;19;-8.323219;-7.104259;154.6004;null;0.000;-8.548429;-7.300568;212.7461;0.01792212;;0;0;5/12/2020 10:49:30 AM;00:00:01.2262469;0.001229028;3
1;341;1;Baseline;19;-8.32299;-7.104331;154.6099;null;0.000;-8.548441;-7.300473;212.7836;0.008339357;;0;0;5/12/2020 10:49:30 AM;00:00:01.2375200;0.001240023;3
1;341;1;Baseline;19;-8.32324;-7.10407;154.6659;null;0.000;-8.548389;-7.300279;212.8468;0.01826253;;0;0;5/12/2020 10:49:30 AM;00:00:01.2489781;0.001251257;3
1;341;1;Baseline;19;-8.323204;-7.104128;154.7187;null;0.000;-8.548274;-7.300102;212.9313;0.01876589;;0;0;5/12/2020 10:49:30 AM;00:00:01.2599234;0.001262732;3
1;341;1;Baseline;19;-8.322972;-7.104079;154.8274;null;0.000;-8.548179;-7.299777;213.0307;0.02957322;;0;0;5/12/2020 10:49:30 AM;00:00:01.2711328;0.001273709;3
1;341;1;Baseline;19;-8.322979;-7.103857;154.9105;null;0.000;-8.547971;-7.299301;213.1466;0.04731195;;0;0;5/12/2020 10:49:30 AM;00:00:01.2822189;0.001284873;3
1;341;1;Baseline;19;-8.322844;-7.103655;154.9852;null;0.000;-8.547796;-7.298946;213.2142;0.03537547;;0;0;5/12/2020 10:49:30 AM;00:00:01.2933992;0.001295991;3
1;341;1;Baseline;19;-8.32245;-7.104121;155.0091;null;0.000;-8.547692;-7.29856;213.2639;0.03601684;;0;0;5/12/2020 10:49:30 AM;00:00:01.3045472;0.001307181;3
1;341;1;Baseline;19;-8.32235;-7.104238;155.0034;null;0.000;-8.547544;-7.298191;213.279;0.03552162;;0;0;5/12/2020 10:49:30 AM;00:00:01.3159462;0.001318262;3
1;341;1;Baseline;19;-8.322258;-7.104235;154.9144;null;0.000;-8.547526;-7.297983;213.2411;0.01882544;;0;0;5/12/2020 10:49:30 AM;00:00:01.3269308;0.001329737;3
1;341;1;Baseline;19;-8.32235;-7.104421;154.8138;null;0.000;-8.547642;-7.297801;213.2119;0.01882618;;0;0;5/12/2020 10:49:31 AM;00:00:01.3381600;0.001340709;3
1;341;1;Baseline;19;-8.322022;-7.104732;154.7065;null;0.000;-8.547693;-7.297684;213.1507;0.01163671;;0;0;5/12/2020 10:49:31 AM;00:00:01.3492812;0.001351905;3
1;341;1;Baseline;19;-8.322041;-7.104819;154.6099;null;0.000;-8.547861;-7.297555;213.1097;0.01886711;;0;0;5/12/2020 10:49:31 AM;00:00:01.3604180;0.001363036;3
1;341;1;Baseline;19;-8.321892;-7.104853;154.5426;null;0.000;-8.547701;-7.297348;213.0567;0.02354798;;0;0;5/12/2020 10:49:31 AM;00:00:01.3717412;0.001374177;3
1;341;1;Baseline;19;-8.322041;-7.104993;154.5106;null;0.000;-8.547746;-7.297269;212.9875;0.008164424;;0;0;5/12/2020 10:49:31 AM;00:00:01.3827882;0.001385488;3
1;341;1;Baseline;19;-8.322213;-7.104958;154.4637;null;0.000;-8.547773;-7.297144;212.9401;0.01131272;;0;0;5/12/2020 10:49:31 AM;00:00:01.3938916;0.00139657;3
1;341;1;Baseline;19;-8.322632;-7.10451;154.5029;null;0.000;-8.547626;-7.296965;212.9135;0.02096823;;0;0;5/12/2020 10:49:31 AM;00:00:01.4053608;0.001407667;3
1;341;1;Baseline;19;-8.322783;-7.104135;154.6016;null;0.000;-8.547575;-7.2968;212.8892;0.01554951;;0;0;5/12/2020 10:49:31 AM;00:00:01.4163038;0.001419143;3
1;341;1;Baseline;19;-8.322919;-7.103942;154.7197;null;0.000;-8.547424;-7.296779;212.8689;0.01325095;;0;0;5/12/2020 10:49:31 AM;00:00:01.4276402;0.001430036;3
1;341;1;Baseline;19;-8.32304;-7.103892;154.8112;null;0.000;-8.547398;-7.296652;212.8436;0.0118993;;0;0;5/12/2020 10:49:31 AM;00:00:01.4386626;0.001441414;3
1;341;1;Baseline;19;-8.323206;-7.103526;154.9422;null;0.000;-8.547331;-7.296521;212.8135;0.01293219;;0;0;5/12/2020 10:49:31 AM;00:00:01.4498578;0.001452434;3
1;341;1;Baseline;19;-8.323277;-7.103391;155.0197;null;0.000;-8.547153;-7.296653;212.7964;0.02013866;;0;0;5/12/2020 10:49:31 AM;00:00:01.4609368;0.001463592;3
1;341;1;Baseline;19;-8.323496;-7.103122;155.068;null;0.000;-8.54719;-7.296524;212.7779;0.01209264;;0;0;5/12/2020 10:49:31 AM;00:00:01.4721582;0.001474703;3
1;341;1;Baseline;19;-8.323332;-7.103086;155.0631;null;0.000;-8.547215;-7.296391;212.7339;0.01213718;;0;0;5/12/2020 10:49:31 AM;00:00:01.4835582;0.001485894;3
1;341;1;Baseline;19;-8.323241;-7.103173;155.019;null;0.000;-8.547238;-7.296376;212.7094;0.002529455;;0;0;5/12/2020 10:49:31 AM;00:00:01.4944140;0.001497345;3
1;341;1;Baseline;19;-8.323467;-7.103546;154.9925;null;0.000;-8.547617;-7.296321;212.6883;0.03340213;;0;0;5/12/2020 10:49:31 AM;00:00:01.5060584;0.001508201;3
1;341;1;Baseline;19;-8.323162;-7.103855;154.9108;null;0.000;-8.547842;-7.296208;212.6697;0.02321899;;0;0;5/12/2020 10:49:31 AM;00:00:01.5168838;0.001519644;3
1;341;1;Baseline;19;-8.323055;-7.103955;154.8566;null;0.000;-8.548103;-7.296112;212.6779;0.02433708;;0;0;5/12/2020 10:49:31 AM;00:00:01.5279170;0.001530595;3
1;341;1;Baseline;19;-8.322904;-7.104292;154.8004;null;0.000;-8.548348;-7.296001;212.6947;0.0245552;;0;0;5/12/2020 10:49:31 AM;00:00:01.5392628;0.001541691;3
1;341;1;Baseline;19;-8.322807;-7.104789;154.7445;null;0.000;-8.548647;-7.295941;212.7212;0.02743266;;0;0;5/12/2020 10:49:31 AM;00:00:01.5502142;0.001553033;3
1;341;1;Baseline;19;-8.322746;-7.104993;154.7134;null;0.000;-8.548933;-7.295965;212.7432;0.02531269;;0;0;5/12/2020 10:49:31 AM;00:00:01.5616324;0.001564017;3
1;341;1;Baseline;19;-8.322626;-7.105056;154.6816;null;0.000;-8.549021;-7.295915;212.7753;0.009197054;;0;0;5/12/2020 10:49:31 AM;00:00:01.5727478;0.001575405;3
1;341;1;Baseline;19;-8.322567;-7.105162;154.6552;null;0.000;-8.549165;-7.295891;212.8134;0.01281768;;0;0;5/12/2020 10:49:31 AM;00:00:01.5838246;0.001586454;3
1;341;1;Baseline;19;-8.32272;-7.105139;154.654;null;0.000;-8.549321;-7.295835;212.849;0.01502815;;0;0;5/12/2020 10:49:31 AM;00:00:01.5949729;0.001597594;3
1;341;1;Baseline;19;-8.322622;-7.104989;154.686;null;0.000;-8.549227;-7.295672;212.9133;0.01691489;;0;0;5/12/2020 10:49:31 AM;00:00:01.6062914;0.00160875;3
1;341;1;Baseline;19;-8.322777;-7.104802;154.7401;null;0.000;-8.549099;-7.295441;213.011;0.0237239;;0;0;5/12/2020 10:49:31 AM;00:00:01.6173774;0.001620061;3
1;341;1;Baseline;19;-8.322843;-7.104593;154.8733;null;0.000;-8.548959;-7.295239;213.1116;0.02171579;;0;0;5/12/2020 10:49:31 AM;00:00:01.6284806;0.001631131;3
1;341;1;Baseline;19;-8.323258;-7.104172;155.0043;null;0.000;-8.549047;-7.295017;213.2165;0.02157993;;0;0;5/12/2020 10:49:31 AM;00:00:01.6397058;0.001642259;3
1;341;1;Baseline;19;-8.323591;-7.10372;155.0973;null;0.000;-8.54882;-7.294615;213.341;0.04148345;;0;0;5/12/2020 10:49:31 AM;00:00:01.6510082;0.001653427;3
1;341;1;Baseline;19;-8.323627;-7.103415;155.176;null;0.000;-8.548609;-7.294308;213.437;0.03331565;;0;0;5/12/2020 10:49:31 AM;00:00:01.6619362;0.001664779;3
1;341;1;Baseline;19;-8.323553;-7.103065;155.2243;null;0.000;-8.548513;-7.29388;213.5354;0.03864542;;0;0;5/12/2020 10:49:31 AM;00:00:01.6731618;0.001675712;3
1;341;1;Baseline;19;-8.323509;-7.102988;155.2373;null;0.000;-8.548353;-7.293474;213.5972;0.03990201;;0;0;5/12/2020 10:49:31 AM;00:00:01.6842894;0.001686949;3
1;341;1;Baseline;19;-8.323568;-7.103304;155.2008;null;0.000;-8.548156;-7.293402;213.6149;0.01870097;;0;0;5/12/2020 10:49:31 AM;00:00:01.6955417;0.001698074;3
1;341;1;Baseline;19;-8.323377;-7.103466;155.1383;null;0.000;-8.548303;-7.293189;213.6321;0.02326574;;0;0;5/12/2020 10:49:31 AM;00:00:01.7069013;0.001709287;3
1;341;1;Baseline;19;-8.322881;-7.104047;154.9713;null;0.000;-8.548328;-7.29302;213.5832;0.01527071;;0;0;5/12/2020 10:49:31 AM;00:00:01.7181329;0.001720675;3
1;341;1;Baseline;19;-8.322689;-7.104271;154.8736;null;0.000;-8.548475;-7.292959;213.5314;0.01396589;;0;0;5/12/2020 10:49:31 AM;00:00:01.7375202;0.001731905;3
1;341;1;Baseline;19;-8.322216;-7.104748;154.7817;null;0.000;-8.548395;-7.292812;213.4786;0.01486025;;0;0;5/12/2020 10:49:31 AM;00:00:01.7454641;0.001751233;3
1;341;1;Baseline;19;-8.322198;-7.105109;154.6862;null;0.000;-8.548464;-7.292813;213.3527;0.003552809;;0;0;5/12/2020 10:49:31 AM;00:00:01.7533490;0.001759269;3
1;341;1;Baseline;19;-8.322264;-7.10538;154.5363;null;0.000;-8.548395;-7.292541;213.2407;0.0350032;;0;0;5/12/2020 10:49:31 AM;00:00:01.7611910;0.001767159;3
1;341;1;Baseline;19;-8.322264;-7.10538;154.5363;null;0.000;-8.548395;-7.292541;213.2407;0;;0;0;5/12/2020 10:49:31 AM;00:00:01.7690737;0.001775208;3
1;341;1;Baseline;19;-8.322407;-7.105626;154.5422;null;0.000;-8.548282;-7.292396;213.1951;0.02287452;;0;0;5/12/2020 10:49:31 AM;00:00:01.7799709;0.001782895;3
1;341;1;Baseline;19;-8.322645;-7.105278;154.6596;null;0.000;-8.548131;-7.292155;213.2031;0.03689989;;0;0;5/12/2020 10:49:31 AM;00:00:01.7978530;0.00179376;3
1;341;1;Baseline;19;-8.322786;-7.104878;154.819;null;0.000;-8.547847;-7.291902;213.1765;0.03503148;;0;0;5/12/2020 10:49:31 AM;00:00:01.8054829;0.001811531;3
1;341;1;Baseline;19;-8.3225;-7.104726;154.9388;null;0.000;-8.547619;-7.291661;213.1676;0.01865738;;0;0;5/12/2020 10:49:31 AM;00:00:01.8134330;0.001819492;3
1;341;1;Baseline;19;-8.32262;-7.104403;155.0659;null;0.000;-8.547379;-7.291592;213.173;0.0314128;;0;0;5/12/2020 10:49:31 AM;00:00:01.8246305;0.001827243;3
1;341;1;Baseline;19;-8.322842;-7.104134;155.1636;null;0.000;-8.547187;-7.291372;213.1526;0.03767667;;0;0;5/12/2020 10:49:31 AM;00:00:01.8357948;0.001838449;3
1;341;1;Baseline;19;-8.322821;-7.103958;155.2409;null;0.000;-8.546973;-7.291114;213.1259;0.02985578;;0;0;5/12/2020 10:49:31 AM;00:00:01.8468141;0.001849593;3
1;341;1;Baseline;19;-8.322725;-7.103862;155.2682;null;0.000;-8.546965;-7.290975;213.1282;0.01256083;;0;0;5/12/2020 10:49:31 AM;00:00:01.8580001;0.001860614;3
1;341;1;Baseline;19;-8.322715;-7.103866;155.2786;null;0.000;-8.546789;-7.290713;213.113;0.02859714;;0;0;5/12/2020 10:49:31 AM;00:00:01.8695102;0.001871781;3
1;341;1;Baseline;19;-8.322806;-7.103695;155.2735;null;0.000;-8.546729;-7.290448;213.1025;0.02434242;;0;0;5/12/2020 10:49:31 AM;00:00:01.8804016;0.00188332;3
1;341;1;Baseline;19;-8.322605;-7.103604;155.2442;null;0.000;-8.547186;-7.290265;213.1128;0.04265099;;0;0;5/12/2020 10:49:31 AM;00:00:01.8916589;0.001894206;3
1;341;1;Baseline;19;-8.322407;-7.103792;155.2012;null;0.000;-8.547205;-7.290011;213.1141;0.02332604;;0;0;5/12/2020 10:49:31 AM;00:00:01.9026178;0.001905467;3
1;341;1;Baseline;19;-8.32235;-7.103483;155.1672;null;0.000;-8.54727;-7.289752;213.1152;0.02374309;;0;0;5/12/2020 10:49:31 AM;00:00:01.9140278;0.001916429;3
1;341;1;Baseline;19;-8.321733;-7.103524;155.1549;null;0.000;-8.547772;-7.289553;213.0839;0.04932282;;0;0;5/12/2020 10:49:31 AM;00:00:01.9252378;0.00192785;3
1;341;1;Baseline;19;-8.321343;-7.103649;155.1706;null;0.000;-8.547674;-7.28932;213.0714;0.02207711;;0;0;5/12/2020 10:49:31 AM;00:00:01.9362722;0.001939049;3
1;341;1;Baseline;19;-8.320389;-7.10345;155.2466;null;0.000;-8.547617;-7.289006;213.0534;0.02852016;;0;0;5/12/2020 10:49:31 AM;00:00:01.9475526;0.00195009;3
1;341;1;Baseline;19;-8.31934;-7.103079;155.3199;null;0.000;-8.547802;-7.288624;213.0264;0.03843759;;0;0;5/12/2020 10:49:31 AM;00:00:01.9587426;0.001961339;3
1;341;1;Baseline;19;-8.318139;-7.102308;155.4501;null;0.000;-8.547337;-7.288108;213.0356;0.0617987;;0;0;5/12/2020 10:49:31 AM;00:00:01.9696644;0.001972516;3
1;341;1;Baseline;19;-8.316785;-7.101703;155.5432;null;0.000;-8.546866;-7.287364;213.1115;0.0787707;;0;0;5/12/2020 10:49:31 AM;00:00:01.9810674;0.001983476;3
1;341;1;Baseline;19;-8.315053;-7.100104;155.6829;null;0.000;-8.546732;-7.286229;213.151;0.1042749;;0;0;5/12/2020 10:49:31 AM;00:00:01.9921941;0.001994876;3
1;341;1;Baseline;19;-8.313524;-7.098477;155.8783;null;0.000;-8.546076;-7.285317;213.2236;0.0984946;;0;0;5/12/2020 10:49:31 AM;00:00:02.0034550;0.002006001;3
1;341;1;Baseline;19;-8.311664;-7.096815;156.111;null;0.000;-8.545374;-7.284202;213.2887;0.1184524;;0;0;5/12/2020 10:49:31 AM;00:00:02.0144326;0.002017249;3
1;341;1;Baseline;19;-8.310177;-7.095731;156.2046;null;0.000;-8.544781;-7.283084;213.2984;0.1125399;;0;0;5/12/2020 10:49:31 AM;00:00:02.0259676;0.002028228;3
1;341;1;Baseline;19;-8.309184;-7.095067;156.0221;null;0.000;-8.544096;-7.282083;213.3823;0.1104877;;0;0;5/12/2020 10:49:31 AM;00:00:02.0372296;0.002039775;3
1;341;1;Baseline;19;-8.308352;-7.094177;155.6795;null;0.000;-8.543393;-7.280956;213.4534;0.1150101;;0;0;5/12/2020 10:49:31 AM;00:00:02.0482158;0.002051019;3
1;341;1;Baseline;19;-8.307372;-7.09305;155.3464;null;0.000;-8.542433;-7.279662;213.5133;0.1433231;;0;0;5/12/2020 10:49:31 AM;00:00:02.0593408;0.002062013;3
1;341;1;Baseline;19;-8.305517;-7.091541;155.1512;null;0.000;-8.541628;-7.278358;213.5286;0.1393658;;0;0;5/12/2020 10:49:31 AM;00:00:02.0701656;0.002073093;3
1;341;1;Baseline;19;-8.303062;-7.089972;155.0688;null;0.000;-8.540907;-7.27691;213.5312;0.1459635;;0;0;5/12/2020 10:49:31 AM;00:00:02.0813560;0.002083983;3
1;341;1;Baseline;19;-8.300056;-7.088117;155.1563;null;0.000;-8.540537;-7.275416;213.5756;0.14132;;0;0;5/12/2020 10:49:31 AM;00:00:02.1044122;0.00209516;3
1;341;1;Baseline;19;-8.297125;-7.086435;155.2394;null;0.000;-8.539589;-7.273957;213.6024;0.1557223;;0;0;5/12/2020 10:49:31 AM;00:00:02.1260909;0.002118059;3
1;341;1;Baseline;19;-8.289736;-7.082577;155.6654;null;0.000;-8.537596;-7.271162;213.5964;0.1499219;;0;0;5/12/2020 10:49:31 AM;00:00:02.1382130;0.002139783;3
1;341;1;Baseline;19;-8.281389;-7.077167;156.4637;null;0.000;-8.535805;-7.267961;213.6012;0.1688442;;0;0;5/12/2020 10:49:31 AM;00:00:02.1483998;0.002152042;3
1;341;1;Baseline;19;-8.275827;-7.074561;157.377;null;0.000;-8.535456;-7.266045;213.6302;0.1588589;;0;0;5/12/2020 10:49:31 AM;00:00:02.1594546;0.002162179;3
1;341;1;Baseline;19;-8.269949;-7.071253;158.4083;null;0.000;-8.534384;-7.264336;213.6281;0.1989998;;0;0;5/12/2020 10:49:31 AM;00:00:02.1705772;0.002173263;3
1;341;1;Baseline;19;-8.263687;-7.067704;159.4608;null;0.000;-8.533684;-7.262552;213.5795;0.1728559;;0;0;5/12/2020 10:49:31 AM;00:00:02.1819412;0.002184404;3
1;341;1;Baseline;19;-8.258053;-7.063881;160.2886;null;0.000;-8.532799;-7.260911;213.4786;0.1673662;;0;0;5/12/2020 10:49:31 AM;00:00:02.1942705;0.002195782;3
1;341;1;Baseline;19;-8.251547;-7.060006;161.2772;null;0.000;-8.53179;-7.258973;213.425;0.1920236;;0;0;5/12/2020 10:49:31 AM;00:00:02.2053338;0.002208092;3
1;341;1;Baseline;19;-8.244238;-7.055916;162.5209;null;0.000;-8.531029;-7.257073;213.3826;0.1662723;;0;0;5/12/2020 10:49:31 AM;00:00:02.2166189;0.002219126;3
1;341;1;Baseline;19;-8.236567;-7.051409;163.902;null;0.000;-8.53055;-7.254735;213.3413;0.216291;;0;0;5/12/2020 10:49:31 AM;00:00:02.2278305;0.002230454;3
1;341;1;Baseline;19;-8.229094;-7.046913;165.317;null;0.000;-8.529558;-7.252635;213.2969;0.2049767;;0;0;5/12/2020 10:49:31 AM;00:00:02.2389462;0.002241653;3
1;341;1;Baseline;19;-8.221647;-7.042391;166.6249;null;0.000;-8.528473;-7.250142;213.2843;0.2428217;;0;0;5/12/2020 10:49:31 AM;00:00:02.2501414;0.002252753;3
1;341;1;Baseline;19;-8.214178;-7.038346;167.6077;null;0.000;-8.527475;-7.247926;213.2216;0.2189332;;0;0;5/12/2020 10:49:31 AM;00:00:02.2602672;0.002263964;3
1;341;1;Baseline;19;-8.206762;-7.034008;168.4611;null;0.000;-8.526346;-7.24532;213.2501;0.2533141;;0;0;5/12/2020 10:49:31 AM;00:00:02.2712902;0.002274113;3
1;341;1;Baseline;19;-8.198908;-7.02959;169.4637;null;0.000;-8.525156;-7.242681;213.2687;0.2853359;;0;0;5/12/2020 10:49:31 AM;00:00:02.2826644;0.002285139;3
1;341;1;Baseline;19;-8.189137;-7.025228;170.8737;null;0.000;-8.523824;-7.239682;213.3064;0.297555;;0;0;5/12/2020 10:49:31 AM;00:00:02.2961986;0.002296493;3
1;341;1;Baseline;19;-8.179873;-7.020703;172.4178;null;0.000;-8.522476;-7.236642;213.3864;0.2929083;;0;0;5/12/2020 10:49:31 AM;00:00:02.3050297;0.002310034;3
1;341;1;Baseline;19;-8.171057;-7.016481;173.8694;null;0.000;-8.520874;-7.233346;213.4631;0.2706301;;0;0;5/12/2020 10:49:31 AM;00:00:02.3162108;0.002318855;3
1;341;1;Baseline;19;-8.161306;-7.01211;175.4955;null;0.000;-8.519475;-7.23005;213.6026;0.4058924;;0;0;5/12/2020 10:49:31 AM;00:00:02.3271814;0.002330015;3
1;341;1;Baseline;19;-8.152222;-7.008269;176.9557;null;0.000;-8.517885;-7.226796;213.7233;0.3245187;;0;0;5/12/2020 10:49:32 AM;00:00:02.3384756;0.002341027;3
1;341;1;Baseline;19;-8.143179;-7.004604;178.0968;null;0.000;-8.516045;-7.223205;213.8576;0.3664759;;0;0;5/12/2020 10:49:32 AM;00:00:02.3495406;0.002352273;3
1;341;1;Baseline;19;-8.133911;-7.000941;179.1281;null;0.000;-8.51424;-7.219416;214.0127;0.3731743;;0;0;5/12/2020 10:49:32 AM;00:00:02.3606272;0.002363352;3
1;341;1;Baseline;19;-8.124354;-6.99764;180.3052;null;0.000;-8.512358;-7.215858;214.141;0.3633369;;0;0;5/12/2020 10:49:32 AM;00:00:02.3718382;0.002374453;3
1;341;1;Baseline;19;-8.114668;-6.994987;181.6971;null;0.000;-8.51025;-7.212053;214.2852;0.3917691;;0;0;5/12/2020 10:49:32 AM;00:00:02.3829741;0.002385661;3
1;341;1;Baseline;19;-8.104973;-6.992081;183.1801;null;0.000;-8.508328;-7.20824;214.452;0.3810248;;0;0;5/12/2020 10:49:32 AM;00:00:02.3941369;0.002396805;3
1;341;1;Baseline;19;-8.094626;-6.989212;184.5916;null;0.000;-8.505798;-7.204375;214.6537;0.41452;;0;0;5/12/2020 10:49:32 AM;00:00:02.4053137;0.002407968;3
1;341;1;Baseline;19;-8.084757;-6.986655;185.9494;null;0.000;-8.503248;-7.200467;214.8681;0.4179879;;0;0;5/12/2020 10:49:32 AM;00:00:02.4164029;0.002419122;3
1;341;1;Baseline;19;-8.074903;-6.984849;187.4166;null;0.000;-8.500862;-7.196595;215.0563;0.4078168;;0;0;5/12/2020 10:49:32 AM;00:00:02.4276002;0.002430193;3
1;341;1;Baseline;19;-8.064599;-6.98303;189.0439;null;0.000;-8.49805;-7.192658;215.2743;0.4369909;;0;0;5/12/2020 10:49:32 AM;00:00:02.4397880;0.002441408;3
1;341;1;Baseline;19;-8.054736;-6.981405;190.5868;null;0.000;-8.495138;-7.188588;215.4909;0.4462008;;0;0;5/12/2020 10:49:32 AM;00:00:02.4498700;0.002453638;3
1;341;1;Baseline;19;-8.045157;-6.979748;192.0705;null;0.000;-8.492233;-7.184583;215.7081;0.4045721;;0;0;5/12/2020 10:49:32 AM;00:00:02.4610573;0.002463692;3
1;341;1;Baseline;19;-8.035276;-6.978437;193.5502;null;0.000;-8.489002;-7.180709;215.8515;0.5017179;;0;0;5/12/2020 10:49:32 AM;00:00:02.4722970;0.002474874;3
1;341;1;Baseline;19;-8.025637;-6.97727;195.0194;null;0.000;-8.485797;-7.176709;216.0014;0.4583951;;0;0;5/12/2020 10:49:32 AM;00:00:02.4834024;0.002486028;3
1;341;1;Baseline;19;-8.016005;-6.976902;196.4017;null;0.000;-8.482166;-7.172668;216.2393;0.4870311;;0;0;5/12/2020 10:49:32 AM;00:00:02.4946970;0.002497224;3
1;341;1;Baseline;19;-8.006104;-6.976123;197.8174;null;0.000;-8.478127;-7.168598;216.4201;0.5121488;;0;0;5/12/2020 10:49:32 AM;00:00:02.5058025;0.002508547;3
1;341;1;Baseline;19;-7.996494;-6.976211;199.271;null;0.000;-8.474312;-7.164509;216.5118;0.4939399;;0;0;5/12/2020 10:49:32 AM;00:00:02.5168724;0.002519578;3
1;341;1;Baseline;19;-7.987112;-6.975936;200.6009;null;0.000;-8.470592;-7.160211;216.549;0.5152438;;0;0;5/12/2020 10:49:32 AM;00:00:02.5280924;0.002530701;3
1;341;1;Baseline;19;-7.97731;-6.976396;202.1165;null;0.000;-8.466116;-7.156003;216.599;0.5523205;;0;0;5/12/2020 10:49:32 AM;00:00:02.5393122;0.002541902;3
1;341;1;Baseline;19;-7.967699;-6.977165;204.1507;null;0.000;-8.461906;-7.151674;216.6684;0.5390691;;0;0;5/12/2020 10:49:32 AM;00:00:02.5508140;0.002553073;3
1;341;1;Baseline;19;-7.958633;-6.977295;205.98;null;0.000;-8.457298;-7.146934;216.7706;0.59184;;0;0;5/12/2020 10:49:32 AM;00:00:02.5615389;0.002564499;3
1;341;1;Baseline;19;-7.949718;-6.977744;207.6233;null;0.000;-8.45215;-7.142008;216.9448;0.6235695;;0;0;5/12/2020 10:49:32 AM;00:00:02.5728372;0.002575345;3
1;341;1;Baseline;19;-7.940995;-6.978557;209.2089;null;0.000;-8.446827;-7.136793;217.1545;0.6870571;;0;0;5/12/2020 10:49:32 AM;00:00:02.5853426;0.002586628;3
1;341;1;Baseline;19;-7.931398;-6.979424;210.9255;null;0.000;-8.441523;-7.131293;217.3792;0.6772577;;0;0;5/12/2020 10:49:32 AM;00:00:02.5950496;0.002599199;3
1;341;1;Baseline;19;-7.921719;-6.980307;212.6243;null;0.000;-8.435773;-7.126139;217.5994;0.6142552;;0;0;5/12/2020 10:49:32 AM;00:00:02.6062557;0.002608849;3
1;341;1;Baseline;19;-7.912171;-6.982162;214.3389;null;0.000;-8.429586;-7.120588;217.8014;0.8613001;;0;0;5/12/2020 10:49:32 AM;00:00:02.6174746;0.002620082;3
1;341;1;Baseline;19;-7.902;-6.98578;218.2064;null;0.000;-8.423356;-7.115334;217.998;0.7255461;;0;0;5/12/2020 10:49:32 AM;00:00:02.6285674;0.002631277;3
1;341;1;Baseline;19;-7.899836;-6.978721;216.2724;null;0.000;-8.416533;-7.109865;218.1457;0.7811562;;0;0;5/12/2020 10:49:32 AM;00:00:02.6399688;0.002642387;3
1;341;1;Baseline;19;-7.898983;-6.971657;212.5288;null;0.000;-8.410065;-7.10437;218.2596;0.7638269;;0;0;5/12/2020 10:49:32 AM;00:00:02.6515581;0.002653748;3
1;341;1;Baseline;19;-7.887548;-6.973993;211.7539;null;0.000;-8.402466;-7.098521;218.3199;0.8440841;;0;0;5/12/2020 10:49:32 AM;00:00:02.6629473;0.002665406;3
1;341;1;Baseline;19;-7.875997;-6.978199;214.2079;null;0.000;-8.395138;-7.093158;218.4441;0.7789232;;0;0;5/12/2020 10:49:32 AM;00:00:02.6745821;0.002676776;3
1;341;1;Baseline;19;-7.865221;-6.979821;216.3851;null;0.000;-8.387909;-7.087677;218.5527;0.7979087;;0;0;5/12/2020 10:49:32 AM;00:00:02.6862321;0.002688411;3
1;341;1;Baseline;19;-7.856262;-6.979284;219.5529;null;0.000;-8.379807;-7.081874;218.5947;0.8565122;;0;0;5/12/2020 10:49:32 AM;00:00:02.6976670;0.002699917;3
1;341;1;Baseline;19;-7.848019;-6.976526;221.5613;Box5;0.702;-8.371376;-7.076346;218.6947;0.8762262;;-7.372;0.3;5/12/2020 10:49:32 AM;00:00:02.7092488;0.002711453;3
1;341;1;Baseline;19;-7.837787;-6.980746;225.1338;Box5;0.696;-8.363149;-7.070913;218.824;0.8546484;;-7.372;0.3;5/12/2020 10:49:32 AM;00:00:02.7216598;0.002723074;3
1;341;1;Baseline;19;-7.829496;-6.978777;227.701;Box5;0.690;-8.354845;-7.065621;218.8985;0.8473382;;-7.372;0.3;5/12/2020 10:49:32 AM;00:00:02.7323520;0.002735489;3
1;341;1;Baseline;19;-7.82123;-6.977358;228.3315;Box5;0.684;-8.346371;-7.060271;219.0609;0.8072211;;-7.372;0.3;5/12/2020 10:49:32 AM;00:00:02.7439138;0.002746184;3
1;341;1;Baseline;19;-7.815594;-6.971946;227.8806;Box5;0.679;-8.337798;-7.055024;219.2276;0.9397351;;-7.372;0.3;5/12/2020 10:49:32 AM;00:00:02.7555129;0.002757755;3
1;341;1;Baseline;19;-7.814844;-6.961597;224.3094;Box5;0.677;-8.328705;-7.049689;219.3129;0.9111233;;-7.372;0.3;5/12/2020 10:49:32 AM;00:00:02.7671165;0.002769287;3
1;341;1;Baseline;19;-7.814758;-6.950933;220.2812;Box5;0.675;-8.319853;-7.044748;219.434;0.8791116;;-7.372;0.3;5/12/2020 10:49:32 AM;00:00:02.7786382;0.002780915;3
1;341;1;Baseline;19;-7.809706;-6.94505;217.1002;Box5;0.671;-8.311129;-7.039784;219.4998;0.8632184;;-7.372;0.3;5/12/2020 10:49:32 AM;00:00:02.7899737;0.002792416;3
1;341;1;Baseline;19;-7.802408;-6.94182;216.1787;Box5;0.666;-8.302212;-7.03458;219.4863;0.8977225;;-7.372;0.3;5/12/2020 10:49:32 AM;00:00:02.8011214;0.002803769;3
1;341;1;Baseline;19;-7.792912;-6.940703;218.0544;Box5;0.660;-8.293364;-7.029266;219.3282;0.9091029;;-7.372;0.3;5/12/2020 10:49:32 AM;00:00:02.8123972;0.002814889;3
1;341;1;Baseline;19;-7.785632;-6.938801;220.0522;Box5;0.655;-8.28446;-7.023429;219.3105;0.9573984;;-7.372;0.3;5/12/2020 10:49:32 AM;00:00:02.8300493;0.002826185;3
1;341;1;Baseline;19;-7.781603;-6.936194;221.3383;Box5;0.652;-8.275162;-7.017859;219.3506;0.9595527;;-7.372;0.3;5/12/2020 10:49:32 AM;00:00:02.8392116;0.002843898;3
1;341;1;Baseline;19;-7.77534;-6.929834;221.9933;Box5;0.647;-8.265455;-7.012092;219.587;0.6373918;;-7.372;0.3;5/12/2020 10:49:32 AM;00:00:02.8482270;0.00285295;3
1;341;1;Baseline;19;-7.770588;-6.923003;221.8547;Box5;0.644;-8.256062;-7.006416;219.8836;1.212493;;-7.372;0.3;5/12/2020 10:49:32 AM;00:00:02.8607834;0.002862075;3
1;341;1;Baseline;19;-7.766521;-6.916763;221.338;Box5;0.640;-8.247024;-7.001069;220.1373;1.150817;;-7.372;0.3;5/12/2020 10:49:32 AM;00:00:02.8698674;0.002874637;3
1;341;1;Baseline;19;-7.7637;-6.907364;219.3131;Box5;0.638;-8.238083;-6.995902;220.3454;0.8220131;;-7.372;0.3;5/12/2020 10:49:32 AM;00:00:02.8790021;0.002883698;3
1;341;1;Baseline;19;-7.757936;-6.89939;217.605;Box5;0.634;-8.229517;-6.991072;220.4492;1.085368;;-7.372;0.3;5/12/2020 10:49:32 AM;00:00:02.8882453;0.002892828;3
1;341;1;Baseline;19;-7.753091;-6.891908;217.0537;Box5;0.630;-8.221066;-6.986351;220.4664;1.060328;;-7.372;0.3;5/12/2020 10:49:32 AM;00:00:02.8975112;0.00290209;3
1;341;1;Baseline;19;-7.749117;-6.884543;216.4208;Box5;0.627;-8.213264;-6.98199;220.352;0.9649646;;-7.372;0.3;5/12/2020 10:49:32 AM;00:00:02.9077226;0.002911363;3
1;341;1;Baseline;19;-7.743097;-6.877953;216.529;Box5;0.623;-8.205641;-6.977763;220.1734;0.9399606;;-7.372;0.3;5/12/2020 10:49:32 AM;00:00:02.9190986;0.00292175;3
1;341;1;Baseline;19;-7.737673;-6.871705;217.0437;Box5;0.620;-8.198523;-6.973302;219.9911;0.8087888;;-7.372;0.3;5/12/2020 10:49:32 AM;00:00:02.9303350;0.002932857;3
1;341;1;Baseline;19;-7.73181;-6.864916;217.5652;Box5;0.616;-8.190762;-6.968661;219.8339;0.8142061;;-7.372;0.3;5/12/2020 10:49:32 AM;00:00:02.9414577;0.002944068;3
1;341;1;Baseline;19;-7.724777;-6.857549;217.8352;Box5;0.612;-8.183628;-6.964137;219.6236;0.7534276;;-7.372;0.3;5/12/2020 10:49:32 AM;00:00:02.9524932;0.002955296;3
1;341;1;Baseline;19;-7.720302;-6.850434;217.593;Box5;0.609;-8.176792;-6.959271;219.4677;0.7473118;;-7.372;0.3;5/12/2020 10:49:32 AM;00:00:02.9638598;0.002966312;3
1;341;1;Baseline;19;-7.716271;-6.841761;216.5974;Box5;0.607;-8.170155;-6.954659;219.2306;0.7337149;;-7.372;0.3;5/12/2020 10:49:32 AM;00:00:02.9767460;0.002977688;3
1;341;1;Baseline;19;-7.710987;-6.833971;215.7757;Box5;0.604;-8.163792;-6.950036;218.9303;0.6913738;;-7.372;0.3;5/12/2020 10:49:32 AM;00:00:02.9860285;0.002990591;3
1;341;1;Baseline;19;-7.707334;-6.826452;214.7011;Box5;0.602;-8.157839;-6.945492;218.6492;0.5804285;;-7.372;0.3;5/12/2020 10:49:32 AM;00:00:02.9972062;0.002999848;3
1;341;1;Baseline;19;-7.702791;-6.818675;213.9114;Box5;0.600;-8.151854;-6.94085;218.3422;0.818133;;-7.372;0.3;5/12/2020 10:49:32 AM;00:00:03.0084421;0.003011023;3
1;341;1;Baseline;19;-7.69745;-6.81112;213.2513;Box5;0.598;-8.146029;-6.936248;218.0248;0.6643442;;-7.372;0.3;5/12/2020 10:49:32 AM;00:00:03.0195382;0.003022245;3
1;341;1;Baseline;19;-7.693481;-6.803394;212.6396;Box5;0.596;-8.140309;-6.932066;217.7336;0.6313398;;-7.372;0.3;5/12/2020 10:49:32 AM;00:00:03.0307630;0.003033352;3
1;341;1;Baseline;19;-7.690568;-6.794155;211.7408;Box5;0.595;-8.134459;-6.927488;217.412;0.668807;;-7.372;0.3;5/12/2020 10:49:32 AM;00:00:03.0419324;0.003044568;3
1;341;1;Baseline;19;-7.687864;-6.785509;210.478;Box5;0.595;-8.128843;-6.922776;217.064;0.6536182;;-7.372;0.3;5/12/2020 10:49:32 AM;00:00:03.0538098;0.00305576;3
1;341;1;Baseline;19;-7.685136;-6.77667;209.1633;Box5;0.595;-8.123495;-6.918082;216.8229;0.6357961;;-7.372;0.3;5/12/2020 10:49:32 AM;00:00:03.0643189;0.003067549;3
1;341;1;Baseline;19;-7.683084;-6.767405;207.3907;Box5;0.595;-8.117751;-6.913095;216.6137;0.6452702;;-7.372;0.3;5/12/2020 10:49:32 AM;00:00:03.0754886;0.003078113;3
1;341;1;Baseline;19;-7.680513;-6.758546;205.7692;Box5;0.595;-8.112545;-6.907938;216.4494;0.6937188;;-7.372;0.3;5/12/2020 10:49:32 AM;00:00:03.0866129;0.003089321;3
1;341;1;Baseline;19;-7.678402;-6.749522;204.6;Box5;0.595;-8.107176;-6.902941;216.2498;0.6543586;;-7.372;0.3;5/12/2020 10:49:32 AM;00:00:03.0994100;0.003100354;3
1;341;1;Baseline;19;-7.675919;-6.740318;203.7955;null;0.000;-8.101805;-6.897614;216.0874;0.6856254;;-7.372;0.3;5/12/2020 10:49:32 AM;00:00:03.1090081;0.003113245;3
1;341;1;Baseline;19;-7.673445;-6.731277;203.1781;null;0.000;-8.096485;-6.892186;215.9272;0.5896237;;-7.372;0.3;5/12/2020 10:49:32 AM;00:00:03.1203072;0.003122851;3
1;341;1;Baseline;19;-7.674209;-6.722229;201.961;null;0.000;-8.091425;-6.88655;215.78;0.7884441;;-7.372;0.3;5/12/2020 10:49:32 AM;00:00:03.1384512;0.003134141;3
1;341;1;Baseline;19;-7.673662;-6.712833;197.8254;null;0.000;-8.086281;-6.880907;215.6093;0.6763017;;-7.372;0.3;5/12/2020 10:49:32 AM;00:00:03.1481878;0.003152273;3
1;341;1;Baseline;19;-7.663319;-6.708563;197.3224;null;0.000;-8.081124;-6.875269;215.4246;0.4213852;;-7.372;0.3;5/12/2020 10:49:32 AM;00:00:03.1573454;0.003161918;3
1;341;1;Baseline;19;-7.650282;-6.704379;201.8864;null;0.000;-8.076698;-6.86934;215.2253;0.7671617;;-7.372;0.3;5/12/2020 10:49:32 AM;00:00:03.1664441;0.003171191;3
1;341;1;Baseline;19;-7.644924;-6.695515;206.5659;null;0.000;-8.071695;-6.863293;215.0142;0.8463457;;-7.372;0.3;5/12/2020 10:49:32 AM;00:00:03.1760017;0.003180298;3
1;341;1;Baseline;19;-7.646664;-6.6842;205.9128;null;0.000;-8.066557;-6.857131;214.7745;0.8810082;;-7.372;0.3;5/12/2020 10:49:32 AM;00:00:03.1870748;0.003189793;3
1;341;1;Baseline;19;-7.649158;-6.67322;202.0729;null;0.000;-8.061499;-6.850744;214.5829;0.8580431;;-7.372;0.3;5/12/2020 10:49:32 AM;00:00:03.1983320;0.003200904;3
1;341;1;Baseline;19;-7.648697;-6.664159;199.2643;null;0.000;-8.056372;-6.844308;214.4302;0.7405541;;-7.372;0.3;5/12/2020 10:49:32 AM;00:00:03.2110184;0.003212132;3
1;341;1;Baseline;19;-7.646933;-6.655911;196.4803;null;0.000;-8.051244;-6.837412;214.3392;0.7653683;;-7.372;0.3;5/12/2020 10:49:32 AM;00:00:03.2205969;0.003224835;3
1;341;1;Baseline;19;-7.647581;-6.64767;194.3652;null;0.000;-8.046093;-6.830236;214.2497;0.6953759;;-7.372;0.3;5/12/2020 10:49:32 AM;00:00:03.2318713;0.003234418;3
1;341;1;Baseline;19;-7.646733;-6.638486;192.4427;null;0.000;-8.040953;-6.823238;214.1824;0.9061093;;-7.372;0.3;5/12/2020 10:49:32 AM;00:00:03.2430204;0.003245631;3
1;341;1;Baseline;19;-7.642181;-6.63063;192.8681;null;0.000;-8.03595;-6.815564;214.2666;0.8170384;;-7.372;0.3;5/12/2020 10:49:32 AM;00:00:03.2541746;0.003256838;3
1;341;1;Baseline;19;-7.637741;-6.622228;193.5602;null;0.000;-8.031139;-6.807952;214.2839;0.8034062;;-7.372;0.3;5/12/2020 10:49:32 AM;00:00:03.2653693;0.003267987;3
1;341;1;Baseline;19;-7.633562;-6.614829;195.2614;null;0.000;-8.02612;-6.800116;214.37;0.8347046;;-7.372;0.3;5/12/2020 10:49:32 AM;00:00:03.2767065;0.003279213;3
1;341;1;Baseline;19;-7.631665;-6.606884;194.7052;null;0.000;-8.021212;-6.792184;214.4907;0.8309376;;-7.372;0.3;5/12/2020 10:49:32 AM;00:00:03.2877129;0.003290555;3
1;341;1;Baseline;19;-7.630888;-6.598033;192.7981;null;0.000;-8.015867;-6.784186;214.6301;0.8480382;;-7.372;0.3;5/12/2020 10:49:32 AM;00:00:03.2988834;0.003301514;3
1;341;1;Baseline;19;-7.630315;-6.589074;190.0512;null;0.000;-8.010881;-6.775856;214.889;0.8859318;;-7.372;0.3;5/12/2020 10:49:32 AM;00:00:03.3100868;0.003312713;3
1;341;1;Baseline;19;-7.629024;-6.580248;187.4746;null;0.000;-8.006117;-6.767084;215.2701;0.8914056;;-7.372;0.3;5/12/2020 10:49:32 AM;00:00:03.3212014;0.003323928;3
1;341;1;Baseline;19;-7.627738;-6.572142;185.7948;null;0.000;-8.001299;-6.758337;215.5435;0.8903332;;-7.372;0.3;5/12/2020 10:49:33 AM;00:00:03.3341310;0.003335025;3
1;341;1;Baseline;19;-7.62361;-6.56373;185.379;null;0.000;-7.996628;-6.749361;215.9027;0.9118891;;-7.372;0.3;5/12/2020 10:49:33 AM;00:00:03.3435438;0.003347978;3
1;341;1;Baseline;19;-7.620233;-6.555703;185.3505;null;0.000;-7.991963;-6.740211;216.2765;0.7929322;;-7.372;0.3;5/12/2020 10:49:33 AM;00:00:03.3547282;0.003357338;3
1;341;1;Baseline;19;-7.617314;-6.547482;185.5835;null;0.000;-7.987199;-6.731161;216.6024;1.092575;;-7.372;0.3;5/12/2020 10:49:33 AM;00:00:03.3658674;0.003368541;3
1;341;1;Baseline;19;-7.614325;-6.539016;185.4941;null;0.000;-7.982729;-6.721716;217.0391;0.9326698;;-7.372;0.3;5/12/2020 10:49:33 AM;00:00:03.3771406;0.003379693;3
1;341;1;Baseline;19;-7.612092;-6.530477;184.8029;null;0.000;-7.978538;-6.712501;217.3921;0.9078454;;-7.372;0.3;5/12/2020 10:49:33 AM;00:00:03.3882465;0.003390964;3
1;341;1;Baseline;19;-7.608202;-6.522707;184.001;null;0.000;-7.973844;-6.703172;217.7858;0.9265425;;-7.372;0.3;5/12/2020 10:49:33 AM;00:00:03.3994578;0.003402058;3
1;341;1;Baseline;19;-7.604108;-6.514719;183.27;null;0.000;-7.969535;-6.694145;218.1423;0.9016189;;-7.372;0.3;5/12/2020 10:49:33 AM;00:00:03.4105901;0.003413246;3
1;341;1;Baseline;19;-7.601085;-6.506488;182.6547;null;0.000;-7.966211;-6.685142;218.4754;0.8578108;;-7.372;0.3;5/12/2020 10:49:33 AM;00:00:03.4217373;0.003424419;3
1;341;1;Baseline;19;-7.596912;-6.498387;181.8977;null;0.000;-7.961737;-6.675918;218.7497;0.9175152;;-7.372;0.3;5/12/2020 10:49:33 AM;00:00:03.4330664;0.003435559;3
1;341;1;Baseline;19;-7.591833;-6.490663;181.543;null;0.000;-7.957967;-6.66689;218.8543;0.8782756;;-7.372;0.3;5/12/2020 10:49:33 AM;00:00:03.4458642;0.003446897;3
1;341;1;Baseline;19;-7.588074;-6.482924;181.2299;null;0.000;-7.954217;-6.657637;218.9426;0.8805997;;-7.372;0.3;5/12/2020 10:49:33 AM;00:00:03.4552666;0.003459715;3
1;341;1;Baseline;19;-7.58278;-6.47577;181.2648;null;0.000;-7.949717;-6.648235;219.1332;0.8131691;;-7.372;0.3;5/12/2020 10:49:33 AM;00:00:03.4664684;0.003469023;3
1;341;1;Baseline;19;-7.577412;-6.46872;181.4775;null;0.000;-7.945821;-6.639189;219.3172;1.058233;;-7.372;0.3;5/12/2020 10:49:33 AM;00:00:03.4776146;0.003480294;3
1;341;1;Baseline;19;-7.572595;-6.462028;181.7859;null;0.000;-7.942423;-6.630236;219.4351;0.8495654;;-7.372;0.3;5/12/2020 10:49:33 AM;00:00:03.4888166;0.003491433;3
1;341;1;Baseline;19;-7.567092;-6.455271;182.1351;null;0.000;-7.938164;-6.621267;219.5942;0.8913933;;-7.372;0.3;5/12/2020 10:49:33 AM;00:00:03.5002528;0.003502637;3
1;341;1;Baseline;19;-7.562061;-6.449529;182.1845;null;0.000;-7.934442;-6.612957;219.7411;0.8126908;;-7.372;0.3;5/12/2020 10:49:33 AM;00:00:03.5115689;0.003514082;3
1;341;1;Baseline;19;-7.556777;-6.442773;181.9148;null;0.000;-7.930659;-6.604841;219.9293;0.7824095;;-7.372;0.3;5/12/2020 10:49:33 AM;00:00:03.5230213;0.003525399;3
1;341;1;Baseline;19;-7.551836;-6.437253;181.421;null;0.000;-7.926518;-6.59664;220.181;0.8118289;;-7.372;0.3;5/12/2020 10:49:33 AM;00:00:03.5343928;0.00353677;3
1;341;1;Baseline;19;-7.546403;-6.431725;181.0616;null;0.000;-7.922251;-6.588575;220.4893;0.8023445;;-7.372;0.3;5/12/2020 10:49:33 AM;00:00:03.5458354;0.003548216;3
1;341;1;Baseline;19;-7.538898;-6.426248;181.1442;null;0.000;-7.918566;-6.58031;220.8156;0.7905973;;-7.372;0.3;5/12/2020 10:49:33 AM;00:00:03.5588226;0.003559618;3
1;341;1;Baseline;19;-7.53168;-6.420965;181.6346;null;0.000;-7.913407;-6.572091;221.2401;0.8511295;;-7.372;0.3;5/12/2020 10:49:33 AM;00:00:03.5685965;0.003572657;3
1;341;1;Baseline;19;-7.524411;-6.4155;182.1935;null;0.000;-7.908541;-6.564182;221.667;0.7121089;;-7.372;0.3;5/12/2020 10:49:33 AM;00:00:03.5801350;0.003582417;3
1;341;1;Baseline;19;-7.515713;-6.409256;182.7429;null;0.000;-7.90373;-6.556345;222.0334;0.9423324;;-7.372;0.3;5/12/2020 10:49:33 AM;00:00:03.5916202;0.00359389;3
1;341;1;Baseline;19;-7.508353;-6.403742;183.1751;null;0.000;-7.898056;-6.548428;222.3483;0.8489614;;-7.372;0.3;5/12/2020 10:49:33 AM;00:00:03.6028666;0.003605459;3
1;341;1;Baseline;19;-7.500041;-6.39869;183.722;null;0.000;-7.892628;-6.540849;222.6417;0.8057829;;-7.372;0.3;5/12/2020 10:49:33 AM;00:00:03.6142226;0.00361668;3
1;341;1;Baseline;19;-7.490147;-6.393745;184.1802;null;0.000;-7.887205;-6.533106;222.9628;0.8423692;;-7.372;0.3;5/12/2020 10:49:33 AM;00:00:03.6256900;0.003628032;3
1;341;1;Baseline;19;-7.480703;-6.389536;184.6612;null;0.000;-7.881248;-6.525496;223.3426;0.8514448;;-7.372;0.3;5/12/2020 10:49:33 AM;00:00:03.6370617;0.003639533;3
1;341;1;Baseline;19;-7.471003;-6.38564;185.2599;null;0.000;-7.875657;-6.518019;223.6868;0.8117629;;-7.372;0.3;5/12/2020 10:49:33 AM;00:00:03.6485966;0.003650881;3
1;341;1;Baseline;19;-7.459866;-6.381601;185.8602;null;0.000;-7.869574;-6.510562;223.9942;0.8479739;;-7.372;0.3;5/12/2020 10:49:33 AM;00:00:03.6614225;0.003662392;3
1;341;1;Baseline;19;-7.449398;-6.378325;186.8504;null;0.000;-7.863515;-6.50329;224.2815;0.8222238;;-7.372;0.3;5/12/2020 10:49:33 AM;00:00:03.6712580;0.003675262;3
1;341;1;Baseline;19;-7.438114;-6.376082;188.1349;null;0.000;-7.858997;-6.497057;224.5876;0.5981839;;-7.372;0.3;5/12/2020 10:49:33 AM;00:00:03.6827552;0.003685075;3
1;341;1;Baseline;19;-7.427242;-6.373503;189.7236;null;0.000;-7.853396;-6.48969;224.9089;0.9431016;;-7.372;0.3;5/12/2020 10:49:33 AM;00:00:03.6941373;0.003696563;3
1;341;1;Baseline;19;-7.415617;-6.37116;191.4447;null;0.000;-7.847158;-6.482843;225.2447;0.8063004;;-7.372;0.3;5/12/2020 10:49:33 AM;00:00:03.7054721;0.003707935;3
1;341;1;Baseline;19;-7.404263;-6.368701;193.0777;null;0.000;-7.841876;-6.476415;225.5448;0.7316023;;-7.372;0.3;5/12/2020 10:49:33 AM;00:00:03.7170714;0.00371929;3
1;341;1;Baseline;19;-7.393205;-6.367603;194.6777;null;0.000;-7.836173;-6.470202;225.7629;0.7426479;;-7.372;0.3;5/12/2020 10:49:33 AM;00:00:03.7281713;0.003730871;3
1;341;1;Baseline;19;-7.381821;-6.365438;196.045;null;0.000;-7.830223;-6.463728;225.9877;0.7592908;;-7.372;0.3;5/12/2020 10:49:33 AM;00:00:03.7394398;0.003741959;3
1;341;1;Baseline;19;-7.370205;-6.363537;197.2364;null;0.000;-7.824709;-6.457837;226.133;0.7277504;;-7.372;0.3;5/12/2020 10:49:33 AM;00:00:03.7553949;0.00375316;3
1;341;1;Baseline;19;-7.359949;-6.362649;198.331;null;0.000;-7.818999;-6.451587;226.2299;0.755765;;-7.372;0.3;5/12/2020 10:49:33 AM;00:00:03.7694736;0.003769088;3
1;341;1;Baseline;19;-7.348617;-6.360723;199.4433;null;0.000;-7.812763;-6.445364;226.352;0.5531237;;-7.372;0.3;5/12/2020 10:49:33 AM;00:00:03.7789070;0.00378332;3
1;341;1;Baseline;19;-7.336616;-6.358785;200.5977;null;0.000;-7.806504;-6.439472;226.422;0.6039546;;-7.372;0.3;5/12/2020 10:49:33 AM;00:00:03.7905348;0.003792729;3
1;341;1;Baseline;19;-7.313546;-6.356506;203.3398;null;0.000;-7.793274;-6.427233;226.6142;1.915561;;-7.372;0.3;5/12/2020 10:49:33 AM;00:00:03.8015181;0.00380429;3
1;341;1;Baseline;19;-7.301651;-6.355545;204.9471;null;0.000;-7.786688;-6.421394;226.7258;0.7612884;;-7.372;0.3;5/12/2020 10:49:33 AM;00:00:03.8126262;0.003815311;3
1;341;1;Baseline;19;-7.289263;-6.355083;206.6404;null;0.000;-7.779915;-6.415432;226.81;0.818707;;-7.372;0.3;5/12/2020 10:49:33 AM;00:00:03.8238953;0.003826453;3
1;341;1;Baseline;19;-7.277441;-6.354542;208.7225;null;0.000;-7.772745;-6.409674;226.8934;0.8253796;;-7.372;0.3;5/12/2020 10:49:33 AM;00:00:03.8350129;0.003837701;3
1;341;1;Baseline;19;-7.266;-6.353491;210.3873;null;0.000;-7.76565;-6.404233;226.936;0.7948939;;-7.372;0.3;5/12/2020 10:49:33 AM;00:00:03.8461392;0.003848843;3
1;341;1;Baseline;19;-7.255403;-6.353534;211.9594;null;0.000;-7.758806;-6.398551;226.9943;0.7983988;;-7.372;0.3;5/12/2020 10:49:33 AM;00:00:03.8696662;0.00385995;3
1;341;1;Baseline;19;-7.241904;-6.355444;214.376;null;0.000;-7.751081;-6.392881;227.0523;0.8627367;;-7.372;0.3;5/12/2020 10:49:33 AM;00:00:03.8966969;0.003883409;3
1;341;1;Baseline;19;-7.232357;-6.339779;212.9889;null;0.000;-7.736172;-6.381609;227.1548;0.7967116;;-7.372;0.3;5/12/2020 10:49:33 AM;00:00:03.9206113;0.003910378;3
1;341;1;Baseline;19;-7.208942;-6.336609;212.8363;null;0.000;-7.71968;-6.37035;227.278;0.7404146;;-7.372;0.3;5/12/2020 10:49:33 AM;00:00:03.9448757;0.003934237;3
1;341;1;Baseline;19;-7.185099;-6.337151;218.4984;null;0.000;-7.701888;-6.359641;227.2738;0.8704163;;-7.372;0.3;5/12/2020 10:49:33 AM;00:00:03.9543221;0.003958634;3
1;341;1;Baseline;19;-7.167181;-6.329175;221.2572;null;0.000;-7.68372;-6.349227;227.3109;0.8583239;;-7.372;0.3;5/12/2020 10:49:33 AM;00:00:03.9638880;0.003968176;3
1;341;1;Baseline;19;-7.156932;-6.322008;221.7247;null;0.000;-7.674628;-6.343977;227.3728;1.100361;;-7.372;0.3;5/12/2020 10:49:33 AM;00:00:03.9730785;0.003977631;3
1;341;1;Baseline;19;-7.14559;-6.317291;223.0149;null;0.000;-7.665024;-6.338416;227.4711;1.173656;;-7.372;0.3;5/12/2020 10:49:33 AM;00:00:03.9826029;0.003987112;3
1;341;1;Baseline;19;-7.132173;-6.311256;224.4209;null;0.000;-7.655266;-6.332993;227.5145;1.177486;;-7.372;0.3;5/12/2020 10:49:33 AM;00:00:03.9921126;0.003996442;3
1;341;1;Baseline;19;-7.122363;-6.307138;225.1009;null;0.000;-7.645095;-6.327711;227.5063;1.228464;;-7.372;0.3;5/12/2020 10:49:33 AM;00:00:04.0158902;0.004005961;3
1;341;1;Baseline;19;-7.103473;-6.297499;225.7004;null;0.000;-7.625352;-6.317519;227.4061;2.334094;;-7.372;0.3;5/12/2020 10:49:33 AM;00:00:04.0362726;0.004029599;3
1;341;1;Baseline;19;-7.082227;-6.282454;224.8547;null;0.000;-7.603591;-6.307755;227.1313;1.009026;;-7.372;0.3;5/12/2020 10:49:33 AM;00:00:04.0588428;0.004049963;3
1;341;1;Baseline;19;-7.059976;-6.268732;226.3786;null;0.000;-7.582211;-6.298299;227.0524;1.147987;;-7.372;0.3;5/12/2020 10:49:33 AM;00:00:04.0812040;0.004072559;3
1;341;1;Baseline;19;-7.039243;-6.253405;226.9274;null;0.000;-7.559709;-6.288978;227.0837;1.077863;;-7.372;0.3;5/12/2020 10:49:33 AM;00:00:04.1032836;0.004094952;3
1;341;1;Baseline;19;-7.016878;-6.236109;225.739;null;0.000;-7.536692;-6.279541;227.1107;1.110891;;-7.372;0.3;5/12/2020 10:49:33 AM;00:00:04.1256709;0.004117005;3
1;341;1;Baseline;19;-6.995795;-6.216035;223.2985;null;0.000;-7.514063;-6.270078;226.7851;1.112227;;-7.372;0.3;5/12/2020 10:49:33 AM;00:00:04.1495368;0.004139394;3
1;341;1;Baseline;19;-6.9785;-6.199464;221.8416;null;0.000;-7.490283;-6.259534;226.3788;1.16193;;-7.372;0.3;5/12/2020 10:49:33 AM;00:00:04.1703957;0.004163183;3
1;341;1;Baseline;19;-6.959619;-6.180394;221.278;null;0.000;-7.46599;-6.248352;227.0675;1.12414;;-7.372;0.3;5/12/2020 10:49:33 AM;00:00:04.1926652;0.004184088;3
1;341;1;Baseline;19;-6.946929;-6.15781;217.8322;null;0.000;-7.443562;-6.238463;227.5997;1.172503;;-7.372;0.3;5/12/2020 10:49:33 AM;00:00:04.2150066;0.004206401;3
1;341;1;Baseline;19;-6.939053;-6.137668;214.0236;null;0.000;-7.424331;-6.230997;227.6486;0.9245568;;-7.372;0.3;5/12/2020 10:49:33 AM;00:00:04.2389402;0.004228733;3
1;341;1;Baseline;19;-6.930737;-6.114988;211.2113;null;0.000;-7.407172;-6.224578;227.014;0.8203537;;-7.372;0.3;5/12/2020 10:49:33 AM;00:00:04.2602350;0.004252549;3
1;341;1;Baseline;19;-6.921512;-6.091717;209.1848;null;0.000;-7.389844;-6.216976;226.265;0.7945088;;-7.372;0.3;5/12/2020 10:49:33 AM;00:00:04.2837688;0.004273767;3
1;341;1;Baseline;19;-6.916924;-6.070625;206.4402;null;0.000;-7.372964;-6.208132;225.363;0.8981069;;-7.372;0.3;5/12/2020 10:49:33 AM;00:00:04.3048596;0.004297253;3
1;341;1;Baseline;19;-6.911755;-6.045845;201.2059;null;0.000;-7.356452;-6.198794;224.4087;0.8077192;;-7.372;0.3;5/12/2020 10:49:33 AM;00:00:04.3267422;0.004318385;3
1;341;1;Baseline;19;-6.91371;-6.023302;193.8722;null;0.000;-7.340323;-6.189097;223.7036;0.8905655;;-7.372;0.3;5/12/2020 10:49:34 AM;00:00:04.3490669;0.004340424;3
1;341;1;Baseline;19;-6.894015;-6.011593;198.0486;null;0.000;-7.324016;-6.17911;223.1884;0.8676735;;-7.372;0.3;5/12/2020 10:49:34 AM;00:00:04.3713110;0.004362771;3
1;341;1;Baseline;19;-6.903113;-5.986517;196.2291;null;0.000;-7.308422;-6.169684;222.7277;0.8153617;;-7.372;0.3;5/12/2020 10:49:34 AM;00:00:04.3939637;0.004385038;3
1;341;1;Baseline;19;-6.900067;-5.967282;191.0397;null;0.000;-7.29351;-6.160243;222.1637;0.7926065;;-7.372;0.3;5/12/2020 10:49:34 AM;00:00:04.4160414;0.004407606;3
1;341;1;Baseline;19;-6.899173;-5.949195;187.7716;null;0.000;-7.278358;-6.150227;221.6738;0.8048554;;-7.372;0.3;5/12/2020 10:49:34 AM;00:00:04.4383325;0.004429764;3
1;341;1;Baseline;19;-6.902939;-5.929624;182.2086;null;0.000;-7.262797;-6.138734;221.4226;0.8730323;;-7.372;0.3;5/12/2020 10:49:34 AM;00:00:04.4607561;0.004452044;3
1;341;1;Baseline;19;-6.903191;-5.91408;178.827;null;0.000;-7.248109;-6.12714;221.0985;0.8398862;;-7.372;0.3;5/12/2020 10:49:34 AM;00:00:04.4830692;0.004474465;3
1;341;1;Baseline;19;-6.891931;-5.896142;179.3698;null;0.000;-7.32053;-6.069852;221.8813;4.118369;;-7.372;0.3;5/12/2020 10:49:34 AM;00:00:04.5053894;0.004496798;3
1;341;1;Baseline;19;-6.881193;-5.878762;181.6091;null;0.000;-7.304946;-6.057144;221.6374;0.900392;;-7.372;0.3;5/12/2020 10:49:34 AM;00:00:04.5163862;0.004519081;3
1;341;1;Baseline;19;-6.872418;-5.860653;179.5235;null;0.000;-7.289096;-6.043798;221.2366;0.9298943;;-7.372;0.3;5/12/2020 10:49:34 AM;00:00:04.5275861;0.004530176;3
1;341;1;Baseline;19;-6.868949;-5.852795;178.6838;null;0.000;-7.281009;-6.036363;221.0364;0.9901842;;-7.372;0.3;5/12/2020 10:49:34 AM;00:00:04.5386642;0.004541407;3
1;341;1;Baseline;19;-6.86211;-5.843877;177.6999;null;0.000;-7.27308;-6.029274;220.9038;0.9469341;;-7.372;0.3;5/12/2020 10:49:34 AM;00:00:04.5515818;0.00455248;3
1;341;1;Baseline;19;-6.860036;-5.837868;177.0821;null;0.000;-7.265147;-6.02207;220.8293;0.9677035;;-7.372;0.3;5/12/2020 10:49:34 AM;00:00:04.5609696;0.004565442;3
1;341;1;Baseline;19;-6.85289;-5.830447;177.2208;null;0.000;-7.257427;-6.015088;220.7614;0.8031284;;-7.372;0.3;5/12/2020 10:49:34 AM;00:00:04.5721877;0.004574784;3
1;341;1;Baseline;19;-6.83993;-5.821714;178.0327;null;0.000;-7.250102;-6.007387;220.8186;1.137673;;-7.372;0.3;5/12/2020 10:49:34 AM;00:00:04.5834152;0.004585981;3
1;341;1;Baseline;19;-6.835657;-5.816002;178.5414;null;0.000;-7.242189;-5.999754;220.8098;0.9819143;;-7.372;0.3;5/12/2020 10:49:34 AM;00:00:04.5945525;0.00459719;3
1;341;1;Baseline;19;-6.827026;-5.808776;179.0052;null;0.000;-7.233686;-5.990979;220.9443;1.09009;;-7.372;0.3;5/12/2020 10:49:34 AM;00:00:04.6056909;0.004608372;3
1;341;1;Baseline;19;-6.815216;-5.79986;178.509;null;0.000;-7.226034;-5.982511;221.1091;1.020746;;-7.372;0.3;5/12/2020 10:49:34 AM;00:00:04.6169604;0.004619502;3
1;341;1;Baseline;19;-6.813253;-5.796453;177.5826;null;0.000;-7.218017;-5.973943;221.2367;1.054263;;-7.372;0.3;5/12/2020 10:49:34 AM;00:00:04.6281314;0.004630773;3
1;341;1;Baseline;19;-6.804332;-5.789451;176.6273;null;0.000;-7.210373;-5.965478;221.4341;1.011813;;-7.372;0.3;5/12/2020 10:49:34 AM;00:00:04.6406541;0.004641873;3
1;341;1;Baseline;19;-6.792574;-5.781179;176.1554;null;0.000;-7.202174;-5.956231;221.6439;1.113425;;-7.372;0.3;5/12/2020 10:49:34 AM;00:00:04.6503534;0.004654485;3
1;341;1;Baseline;19;-6.786589;-5.77656;176.1566;null;0.000;-7.194075;-5.946856;221.83;0.9822851;;-7.372;0.3;5/12/2020 10:49:34 AM;00:00:04.6615729;0.004664189;3
1;341;1;Baseline;19;-6.775853;-5.769519;176.499;null;0.000;-7.185544;-5.937107;221.9919;1.334979;;-7.372;0.3;5/12/2020 10:49:34 AM;00:00:04.6726356;0.004675391;3
1;341;1;Baseline;19;-6.762807;-5.760916;176.9454;null;0.000;-7.176696;-5.927431;222.126;1.170489;;-7.372;0.3;5/12/2020 10:49:34 AM;00:00:04.6839640;0.00468647;3
1;341;1;Baseline;19;-6.75368;-5.755489;177.8246;null;0.000;-7.168257;-5.918005;222.2329;1.141946;;-7.372;0.3;5/12/2020 10:49:34 AM;00:00:04.6950526;0.004697778;3
1;341;1;Baseline;19;-6.74219;-5.748263;178.3609;null;0.000;-7.158889;-5.907724;222.3358;1.229995;;-7.372;0.3;5/12/2020 10:49:34 AM;00:00:04.7064018;0.004708871;3
1;341;1;Baseline;19;-6.725914;-5.73906;179.2056;null;0.000;-7.150313;-5.898234;222.4525;1.152998;;-7.372;0.3;5/12/2020 10:49:34 AM;00:00:04.7174642;0.004720239;3
1;341;1;Baseline;19;-6.714253;-5.732854;180.0216;null;0.000;-7.142962;-5.889041;222.5446;1.035456;;-7.372;0.3;5/12/2020 10:49:34 AM;00:00:04.7307713;0.00473129;3
1;341;1;Baseline;19;-6.701324;-5.725522;180.5507;null;0.000;-7.133253;-5.877856;222.5878;1.340352;;-7.372;0.3;5/12/2020 10:49:34 AM;00:00:04.7394774;0.004744492;3
1;341;1;Baseline;19;-6.684903;-5.716255;180.7581;null;0.000;-7.125439;-5.868338;222.5757;0.9327134;;-7.372;0.3;5/12/2020 10:49:34 AM;00:00:04.7509780;0.004753518;3
1;341;1;Baseline;19;-6.674053;-5.711108;181.1381;null;0.000;-7.117289;-5.858518;222.5329;1.413942;;-7.372;0.3;5/12/2020 10:49:34 AM;00:00:04.7620710;0.00476479;3
1;341;1;Baseline;19;-6.6603;-5.704228;181.4953;null;0.000;-7.1079;-5.847283;222.5521;1.298998;;-7.372;0.3;5/12/2020 10:49:34 AM;00:00:04.7732562;0.004775886;3
1;341;1;Baseline;19;-6.642982;-5.695268;181.7183;null;0.000;-7.09971;-5.837227;222.5508;1.168724;;-7.372;0.3;5/12/2020 10:49:34 AM;00:00:04.7846596;0.004787068;3
1;341;1;Baseline;19;-6.629681;-5.689573;182.3603;null;0.000;-7.091138;-5.827207;222.5094;1.179372;;-7.372;0.3;5/12/2020 10:49:34 AM;00:00:04.7965332;0.004798473;3
1;341;1;Baseline;19;-6.614405;-5.683912;183.7539;null;0.000;-7.082173;-5.816561;222.4727;1.220284;;-7.372;0.3;5/12/2020 10:49:34 AM;00:00:04.8084348;0.004810321;3
1;341;1;Baseline;19;-6.595297;-5.676073;185.494;null;0.000;-7.074111;-5.807052;222.6443;1.052258;;-7.372;0.3;5/12/2020 10:49:34 AM;00:00:04.8209074;0.004822117;3
1;341;1;Baseline;19;-6.581391;-5.670485;186.9513;null;0.000;-7.066761;-5.797983;222.7807;0.98959;;-7.372;0.3;5/12/2020 10:49:34 AM;00:00:04.8318658;0.004834766;3
1;341;1;Baseline;19;-6.567363;-5.664962;188.432;null;0.000;-7.057476;-5.787466;222.8725;1.109125;;-7.372;0.3;5/12/2020 10:49:34 AM;00:00:04.8437318;0.004845675;3
1;341;1;Baseline;19;-6.549981;-5.65779;189.6027;null;0.000;-7.049667;-5.778394;223.1087;1.09728;;-7.372;0.3;5/12/2020 10:49:34 AM;00:00:04.8555642;0.00485757;3
1;341;1;Baseline;19;-6.533963;-5.65245;190.7412;null;0.000;-7.042485;-5.769515;223.4064;0.9601069;;-7.372;0.3;5/12/2020 10:49:34 AM;00:00:04.8674953;0.004869371;3
1;341;1;Baseline;19;-6.519776;-5.648346;191.9479;null;0.000;-7.033951;-5.760055;223.7596;1.079591;;-7.372;0.3;5/12/2020 10:49:34 AM;00:00:04.8787585;0.004881313;3
1;341;1;Baseline;19;-6.500033;-5.641604;193.2098;null;0.000;-7.026247;-5.751289;224.1075;0.9772235;;-7.372;0.3;5/12/2020 10:49:34 AM;00:00:04.8898838;0.004892536;3
1;341;1;Baseline;19;-6.485483;-5.637432;194.588;null;0.000;-7.017984;-5.742569;224.4352;1.070326;;-7.372;0.3;5/12/2020 10:49:34 AM;00:00:04.9010553;0.004903622;3
1;341;1;Baseline;19;-6.485809;-5.638462;195.0125;null;0.000;-7.015826;-5.741393;224.4332;0.2216843;;-7.372;0.3;5/12/2020 10:49:34 AM;00:00:04.9139045;0.004914827;3
1;341;1;Baseline;19;-6.467943;-5.631337;196.3673;null;0.000;-7.00793;-5.732847;224.6597;1.038416;;-7.372;0.3;5/12/2020 10:49:34 AM;00:00:04.9233285;0.004927658;3
1;341;1;Baseline;19;-6.454484;-5.627352;197.7601;null;0.000;-6.99931;-5.724189;224.8922;0.9522237;;-7.372;0.3;5/12/2020 10:49:34 AM;00:00:04.9346114;0.004937128;3
1;341;1;Baseline;19;-6.441262;-5.623959;199.3428;null;0.000;-6.988804;-5.714066;225.1405;1.540571;;-7.372;0.3;5/12/2020 10:49:34 AM;00:00:04.9457825;0.004948405;3
1;341;1;Baseline;19;-6.425072;-5.618215;200.873;null;0.000;-6.980187;-5.705602;225.3761;1.071029;;-7.372;0.3;5/12/2020 10:49:34 AM;00:00:04.9570056;0.004959554;3
1;341;1;Baseline;19;-6.411806;-5.616007;202.8392;null;0.000;-6.971114;-5.697133;225.5695;1.113276;;-7.372;0.3;5/12/2020 10:49:34 AM;00:00:04.9680668;0.004970786;3
1;341;1;Baseline;19;-6.398475;-5.613539;204.8022;null;0.000;-6.960707;-5.687218;225.7427;1.279782;;-7.372;0.3;5/12/2020 10:49:34 AM;00:00:04.9793382;0.004981864;3
1;341;1;Baseline;19;-6.38281;-5.609666;206.9641;null;0.000;-6.95153;-5.678781;225.9044;1.125315;;-7.372;0.3;5/12/2020 10:49:34 AM;00:00:04.9928360;0.004993108;3
1;341;1;Baseline;19;-6.370141;-5.607709;209.2938;null;0.000;-6.943001;-5.670851;226.039;1.035716;;-7.372;0.3;5/12/2020 10:49:34 AM;00:00:05.0020552;0.005006688;3
1;341;1;Baseline;19;-6.357603;-5.605861;211.9701;null;0.000;-6.93489;-5.663271;226.1236;0.8175094;;-7.372;0.3;5/12/2020 10:49:34 AM;00:00:05.0126250;0.005015894;3
1;341;1;Baseline;19;-6.340918;-5.601594;214.6672;null;0.000;-6.927096;-5.655607;226.2077;1.187407;;-7.372;0.3;5/12/2020 10:49:34 AM;00:00:05.0242193;0.005026416;3
1;341;1;Baseline;19;-6.329061;-5.599402;217.5406;null;0.000;-6.918895;-5.648057;226.2084;1.059303;;-7.372;0.3;5/12/2020 10:49:34 AM;00:00:05.0349644;0.005037974;3
1;341;1;Baseline;19;-6.314659;-5.60066;222.0285;null;0.000;-6.910571;-5.640429;226.1763;0.9769669;;-7.372;0.3;5/12/2020 10:49:34 AM;00:00:05.0462164;0.00504877;3
1;341;1;Baseline;19;-6.307347;-5.586099;222.8689;null;0.000;-6.902136;-5.632921;226.0911;1.045956;;-7.372;0.3;5/12/2020 10:49:34 AM;00:00:05.0573797;0.005059988;3
1;341;1;Baseline;19;-6.301019;-5.576714;219.3992;null;0.000;-6.893777;-5.625363;226.0161;1.004555;;-7.372;0.3;5/12/2020 10:49:34 AM;00:00:05.0686849;0.005071144;3
1;341;1;Baseline;19;-6.289237;-5.573935;218.4465;null;0.000;-6.885231;-5.61743;225.9287;1.04527;;-7.372;0.3;5/12/2020 10:49:34 AM;00:00:05.0819506;0.005082471;3
1;341;1;Baseline;19;-6.267397;-5.568501;219.4543;null;0.000;-6.87681;-5.609951;225.8307;0.9942374;;-7.372;0.3;5/12/2020 10:49:34 AM;00:00:05.0913310;0.005095761;3
1;341;1;Baseline;19;-6.255314;-5.567202;220.3021;null;0.000;-6.867837;-5.602331;225.7175;0.8857593;;-7.372;0.3;5/12/2020 10:49:34 AM;00:00:05.1021530;0.005105074;3
1;341;1;Baseline;19;-6.246931;-5.56462;221.5066;null;0.000;-6.858567;-5.594217;225.6026;1.322775;;-7.372;0.3;5/12/2020 10:49:34 AM;00:00:05.1135789;0.005115895;3
1;341;1;Baseline;19;-6.237705;-5.560756;221.2985;null;0.000;-6.849958;-5.586686;225.5155;1.05712;;-7.372;0.3;5/12/2020 10:49:34 AM;00:00:05.1250097;0.005127287;3
1;341;1;Baseline;19;-6.228492;-5.551404;220.511;null;0.000;-6.84065;-5.578822;225.464;1.069555;;-7.372;0.3;5/12/2020 10:49:34 AM;00:00:05.1357524;0.005138582;3
1;341;1;Baseline;19;-6.217844;-5.544133;220.9257;null;0.000;-6.832685;-5.571704;225.4746;0.9457409;;-7.372;0.3;5/12/2020 10:49:34 AM;00:00:05.1467406;0.005149492;3
1;341;1;Baseline;19;-6.207012;-5.537119;222.0304;null;0.000;-6.823144;-5.563945;225.4862;1.12718;;-7.372;0.3;5/12/2020 10:49:34 AM;00:00:05.3136238;0.005160533;3
1;341;1;Baseline;19;-6.19596;-5.531864;223.2448;null;0.000;-6.813798;-5.556392;225.4412;1.088309;;-7.372;0.3;5/12/2020 10:49:35 AM;00:00:05.3436229;0.005325483;3
1;341;1;Baseline;19;-6.057411;-5.381319;213.316;null;0.000;-6.653501;-5.451026;223.8567;1.162934;;-7.372;0.3;5/12/2020 10:49:35 AM;00:00:05.3549076;0.005357153;3
1;341;1;Baseline;19;-6.038293;-5.353386;211.8132;Box25;1.113;-6.629004;-5.437278;223.8602;0.8870221;;-5.283999;0.3;5/12/2020 10:49:35 AM;00:00:05.3657672;0.00536867;3
1;341;1;Baseline;19;-6.024496;-5.327518;209.6419;Box25;1.088;-6.605516;-5.424225;223.7824;2.33311;;-5.283999;0.3;5/12/2020 10:49:35 AM;00:00:05.3766057;0.005379492;3
1;341;1;Baseline;19;-6.016747;-5.311588;207.8113;null;0.000;-6.593394;-5.417496;223.7096;1.281163;;-5.283999;0.3;5/12/2020 10:49:35 AM;00:00:05.3877212;0.005390372;3
1;341;1;Baseline;19;-6.011083;-5.297098;205.7091;null;0.000;-6.581687;-5.410981;223.5885;1.231414;;-5.283999;0.3;5/12/2020 10:49:35 AM;00:00:05.3988162;0.005401501;3
1;341;1;Baseline;19;-6.006333;-5.281384;203.6605;null;0.000;-6.569459;-5.404207;223.5252;1.256142;;-5.283999;0.3;5/12/2020 10:49:35 AM;00:00:05.4119326;0.005412622;3
1;341;1;Baseline;19;-6.002716;-5.268608;199.7086;null;0.000;-6.557138;-5.397528;223.5835;1.260087;;-5.283999;0.3;5/12/2020 10:49:35 AM;00:00:05.4214272;0.005425744;3
1;341;1;Baseline;19;-5.989221;-5.258265;199.8311;null;0.000;-6.545366;-5.391258;223.6445;1.016496;;-5.283999;0.3;5/12/2020 10:49:35 AM;00:00:05.4323374;0.005435275;3
1;341;1;Baseline;19;-5.979278;-5.250437;204.018;null;0.000;-6.533602;-5.38484;223.7231;1.405954;;-5.283999;0.3;5/12/2020 10:49:35 AM;00:00:05.4435578;0.005446154;3
1;341;1;Baseline;19;-5.976673;-5.237114;204.4841;null;0.000;-6.521865;-5.378735;223.9691;1.216172;;-5.283999;0.3;5/12/2020 10:49:35 AM;00:00:05.4546714;0.005457377;3
1;341;1;Baseline;19;-5.97762;-5.223235;201.5143;null;0.000;-6.510716;-5.372962;224.1478;1.118613;;-5.283999;0.3;5/12/2020 10:49:35 AM;00:00:05.4660538;0.005468482;3
1;341;1;Baseline;19;-5.975465;-5.211607;199.1293;null;0.000;-6.500391;-5.367404;224.2975;1.055956;;-5.283999;0.3;5/12/2020 10:49:35 AM;00:00:05.4770993;0.005479868;3
1;341;1;Baseline;19;-5.969226;-5.197795;197.151;null;0.000;-6.490051;-5.361827;224.3123;1.031796;;-5.283999;0.3;5/12/2020 10:49:35 AM;00:00:05.4900801;0.005490938;3
1;341;1;Baseline;19;-5.966144;-5.186999;195.5006;null;0.000;-6.479869;-5.356397;224.291;1.042426;;-5.283999;0.3;5/12/2020 10:49:35 AM;00:00:05.4995510;0.005503908;3
1;341;1;Baseline;19;-5.966735;-5.174738;192.7854;null;0.000;-6.471189;-5.350963;224.0701;0.7895188;;-5.283999;0.3;5/12/2020 10:49:35 AM;00:00:05.5106962;0.005513402;3
1;341;1;Baseline;19;-5.965641;-5.160573;189.3096;null;0.000;-6.46212;-5.346038;223.6643;1.087146;;-5.283999;0.3;5/12/2020 10:49:35 AM;00:00:05.5217438;0.005524476;3
1;341;1;Baseline;19;-5.965677;-5.149051;186.3164;null;0.000;-6.453482;-5.340902;223.0381;0.9074703;;-5.283999;0.3;5/12/2020 10:49:35 AM;00:00:05.5328373;0.005535528;3
1;341;1;Baseline;19;-5.962182;-5.139483;185.0757;null;0.000;-6.444883;-5.33564;222.422;0.9121303;;-5.283999;0.3;5/12/2020 10:49:35 AM;00:00:05.5441226;0.005546662;3
1;341;1;Baseline;19;-5.961331;-5.130967;183.7858;null;0.000;-6.436043;-5.330524;221.9042;0.9173251;;-5.283999;0.3;5/12/2020 10:49:35 AM;00:00:05.5552274;0.00555793;3
1;341;1;Baseline;19;-5.956481;-5.122376;182.9589;null;0.000;-6.42697;-5.325025;221.5291;0.9415219;;-5.283999;0.3;5/12/2020 10:49:35 AM;00:00:05.5684146;0.005569008;3
1;341;1;Baseline;19;-5.95084;-5.112994;183.5433;null;0.000;-6.418209;-5.319524;221.1712;0.9338187;;-5.283999;0.3;5/12/2020 10:49:35 AM;00:00:05.5779268;0.005582261;3
1;341;1;Baseline;19;-5.943123;-5.101523;183.0116;null;0.000;-6.40958;-5.31396;220.8818;0.7747229;;-5.283999;0.3;5/12/2020 10:49:35 AM;00:00:05.5887382;0.005591776;3
1;341;1;Baseline;19;-5.941047;-5.093353;182.5128;null;0.000;-6.400822;-5.308457;220.6261;1.087107;;-5.283999;0.3;5/12/2020 10:49:35 AM;00:00:05.5998782;0.00560257;3
1;341;1;Baseline;19;-5.940153;-5.0867;180.21;null;0.000;-6.392532;-5.30279;220.3498;0.9302714;;-5.283999;0.3;5/12/2020 10:49:35 AM;00:00:05.6111244;0.005613699;3
1;341;1;Baseline;19;-5.936137;-5.076758;178.1907;null;0.000;-6.383674;-5.297276;220.0565;0.9376209;;-5.283999;0.3;5/12/2020 10:49:35 AM;00:00:05.6224502;0.005624968;3
1;341;1;Baseline;19;-5.932971;-5.069404;176.6146;null;0.000;-6.374581;-5.291565;219.8041;0.9528365;;-5.283999;0.3;5/12/2020 10:49:35 AM;00:00:05.6334173;0.005636296;3
1;341;1;Baseline;19;-5.929041;-5.061851;175.6871;null;0.000;-6.366024;-5.286052;219.5581;0.8986141;;-5.283999;0.3;5/12/2020 10:49:35 AM;00:00:05.6464826;0.005647226;3
1;341;1;Baseline;19;-5.922845;-5.053195;174.9978;null;0.000;-6.357578;-5.280649;219.3204;0.9173109;;-5.283999;0.3;5/12/2020 10:49:35 AM;00:00:05.6559281;0.005660336;3
1;341;1;Baseline;19;-5.917943;-5.046771;174.5441;null;0.000;-6.348958;-5.275035;219.1219;0.7846187;;-5.283999;0.3;5/12/2020 10:49:35 AM;00:00:05.6669261;0.005669762;3
1;341;1;Baseline;19;-5.911547;-5.040828;173.8952;null;0.000;-6.340614;-5.269014;218.8869;1.091572;;-5.283999;0.3;5/12/2020 10:49:35 AM;00:00:05.6781060;0.005680728;3
1;341;1;Baseline;19;-5.901283;-5.033398;174.1378;null;0.000;-6.332445;-5.263288;218.6412;0.9097888;;-5.283999;0.3;5/12/2020 10:49:35 AM;00:00:05.6892198;0.005691948;3
1;341;1;Baseline;19;-5.892056;-5.026982;175.2013;null;0.000;-6.323595;-5.257195;218.4236;0.9575459;;-5.283999;0.3;5/12/2020 10:49:35 AM;00:00:05.7004244;0.005703032;3
1;341;1;Baseline;19;-5.884301;-5.020844;175.4889;null;0.000;-6.315047;-5.25082;218.2325;0.9621191;;-5.283999;0.3;5/12/2020 10:49:35 AM;00:00:05.7115852;0.005714247;3
1;341;1;Baseline;19;-5.878865;-5.015666;174.9823;null;0.000;-6.306605;-5.244462;218.1095;0.9423495;;-5.283999;0.3;5/12/2020 10:49:35 AM;00:00:05.7244194;0.005725394;3
1;341;1;Baseline;19;-5.871381;-5.009589;173.745;null;0.000;-6.297606;-5.237673;218.0081;1.011194;;-5.283999;0.3;5/12/2020 10:49:35 AM;00:00:05.7338730;0.005738242;3
1;341;1;Baseline;19;-5.863013;-5.003494;172.692;null;0.000;-6.28839;-5.230079;218.0194;0.9295299;;-5.283999;0.3;5/12/2020 10:49:35 AM;00:00:05.7450994;0.005747689;3
1;341;1;Baseline;19;-5.857995;-5.000274;172.119;null;0.000;-6.280139;-5.223104;218.0058;1.143557;;-5.283999;0.3;5/12/2020 10:49:35 AM;00:00:05.7563200;0.00575894;3
1;341;1;Baseline;19;-5.84929;-4.994471;171.7351;null;0.000;-6.271142;-5.2155;218.0645;1.046999;;-5.283999;0.3;5/12/2020 10:49:35 AM;00:00:05.7674481;0.005770139;3
1;341;1;Baseline;19;-5.837759;-4.988642;172.3694;null;0.000;-6.262248;-5.207479;218.1286;1.069501;;-5.283999;0.3;5/12/2020 10:49:35 AM;00:00:05.7787994;0.005781245;3
1;341;1;Baseline;19;-5.827844;-4.983844;173.3084;null;0.000;-6.253094;-5.199695;218.1676;1.081948;;-5.283999;0.3;5/12/2020 10:49:35 AM;00:00:05.7897749;0.005792644;3
1;341;1;Baseline;19;-5.814447;-4.978149;175.1903;null;0.000;-6.244382;-5.191408;218.3235;1.054811;;-5.283999;0.3;5/12/2020 10:49:35 AM;00:00:05.8030168;0.005803613;3
1;341;1;Baseline;19;-5.802471;-4.972392;176.2569;null;0.000;-6.23525;-5.183123;218.4476;1.124035;;-5.283999;0.3;5/12/2020 10:49:35 AM;00:00:05.8125074;0.00581685;3
1;341;1;Baseline;19;-5.792639;-4.967942;176.2907;null;0.000;-6.22658;-5.174666;218.6831;0.9150256;;-5.283999;0.3;5/12/2020 10:49:35 AM;00:00:05.8232328;0.005826354;3
1;341;1;Baseline;19;-5.781754;-4.962635;175.1875;null;0.000;-6.217486;-5.165629;218.9848;1.348855;;-5.283999;0.3;5/12/2020 10:49:35 AM;00:00:05.8344709;0.005837053;3
1;341;1;Baseline;19;-5.769456;-4.957007;174.881;null;0.000;-6.208349;-5.156281;219.3541;1.221766;;-5.283999;0.3;5/12/2020 10:49:35 AM;00:00:05.8456316;0.005848284;3
1;341;1;Baseline;19;-5.75439;-4.951732;175.54;null;0.000;-6.199499;-5.147179;219.7024;1.130462;;-5.283999;0.3;5/12/2020 10:49:35 AM;00:00:05.8567884;0.005859467;3
1;341;1;Baseline;19;-5.739277;-4.945832;176.9086;null;0.000;-6.190448;-5.137597;220.1366;1.178635;;-5.283999;0.3;5/12/2020 10:49:35 AM;00:00:05.8680092;0.005870604;3
1;341;1;Baseline;19;-5.725686;-4.939979;177.6866;null;0.000;-6.181315;-5.127695;220.5223;1.209574;;-5.283999;0.3;5/12/2020 10:49:35 AM;00:00:05.8811456;0.005881786;3
1;341;1;Baseline;19;-5.710976;-4.934414;178.959;null;0.000;-6.171897;-5.118092;220.8684;1.202855;;-5.283999;0.3;5/12/2020 10:49:35 AM;00:00:05.8905830;0.005894982;3
1;341;1;Baseline;19;-5.697263;-4.928774;179.72;null;0.000;-6.162893;-5.10833;221.2305;1.006367;;-5.283999;0.3;5/12/2020 10:49:35 AM;00:00:05.9015106;0.005904436;3
1;341;1;Baseline;19;-5.682012;-4.922547;180.7638;null;0.000;-6.153999;-5.098357;221.6094;1.413417;;-5.283999;0.3;5/12/2020 10:49:35 AM;00:00:05.9126109;0.005915348;3
1;341;1;Baseline;19;-5.662137;-4.91494;182.0051;null;0.000;-6.145078;-5.088121;221.9639;1.244305;;-5.283999;0.3;5/12/2020 10:49:35 AM;00:00:05.9238257;0.005926435;3
1;341;1;Baseline;19;-5.645275;-4.909748;183.8046;null;0.000;-6.13602;-5.078064;222.2843;1.220773;;-5.283999;0.3;5/12/2020 10:49:35 AM;00:00:05.9351006;0.005937638;3
1;341;1;Baseline;19;-5.6285;-4.904788;185.2645;Box25;0.639;-6.126972;-5.067418;222.5163;1.247164;;-5.283999;0.3;5/12/2020 10:49:35 AM;00:00:05.9462145;0.005948939;3
1;341;1;Baseline;19;-5.610479;-4.898425;186.3764;Box25;0.627;-6.118373;-5.057312;222.7796;1.174139;;-5.283999;0.3;5/12/2020 10:49:35 AM;00:00:05.9591494;0.005960026;3
1;341;1;Baseline;19;-5.615138;-4.905214;168.648;Box25;0.632;-6.109561;-5.046992;222.981;1.224001;;-5.283999;0.3;5/12/2020 10:49:35 AM;00:00:05.9685590;0.005972964;3
1;341;1;Baseline;19;-5.57818;-4.910084;163.6827;null;0.000;-6.100908;-5.036455;223.1746;1.053883;;-5.283999;0.3;5/12/2020 10:49:35 AM;00:00:05.9796584;0.005982397;3
1;341;1;Baseline;19;-5.567027;-4.888047;171.09;null;0.000;-6.092897;-5.025837;223.244;1.409934;;-5.283999;0.3;5/12/2020 10:49:35 AM;00:00:05.9908494;0.005993467;3
1;341;1;Baseline;19;-5.543869;-4.879084;172.507;Box25;0.589;-6.084735;-5.015276;223.3754;1.205716;;-5.283999;0.3;5/12/2020 10:49:35 AM;00:00:06.0019929;0.006004659;3
1;341;1;Baseline;19;-5.555918;-4.868853;172.1138;Box25;0.592;-6.076502;-5.00435;223.4323;1.222447;;-5.283999;0.3;5/12/2020 10:49:35 AM;00:00:06.0131694;0.006015795;3
1;341;1;Baseline;19;-5.607603;-4.890081;172.8101;Box25;0.623;-6.067902;-4.994192;223.2658;1.195187;;-5.283999;0.3;5/12/2020 10:49:35 AM;00:00:06.0265674;0.006026997;3
1;341;1;Baseline;19;-5.600164;-4.886304;168.8154;Box25;0.618;-6.059173;-4.984437;222.8564;1.168504;;-5.283999;0.3;5/12/2020 10:49:35 AM;00:00:06.0360725;0.006040406;3
1;341;1;Baseline;19;-5.588053;-4.880771;167.0917;Box25;0.611;-6.049984;-4.974264;222.6811;1.022373;;-5.283999;0.3;5/12/2020 10:49:35 AM;00:00:06.0467105;0.006049922;3
1;341;1;Baseline;19;-5.562111;-4.841077;167.6762;Box25;0.588;-6.041032;-4.964706;222.5246;1.376245;;-5.283999;0.3;5/12/2020 10:49:35 AM;00:00:06.0605568;0.006060501;3
1;341;1;Baseline;19;-5.553026;-4.834737;168.5932;Box25;0.582;-6.032693;-4.955259;222.4524;1.191168;;-5.283999;0.3;5/12/2020 10:49:35 AM;00:00:06.0740142;0.006074386;3
1;341;1;Baseline;19;-5.533124;-4.80751;170.4867;Box25;0.568;-6.022778;-4.944621;222.4734;1.047336;;-5.283999;0.3;5/12/2020 10:49:35 AM;00:00:06.0853674;0.006087827;3
1;341;1;Baseline;19;-5.509602;-4.782651;169.8278;Box25;0.554;-6.013747;-4.934645;222.6437;1.001106;;-5.283999;0.3;5/12/2020 10:49:35 AM;00:00:06.1037413;0.006099186;3
1;341;1;Baseline;19;-5.504701;-4.771858;167.7137;Box25;0.550;-6.00327;-4.923571;222.9233;1.342107;;-5.283999;0.3;5/12/2020 10:49:35 AM;00:00:06.1170802;0.006117442;3
1;341;1;Baseline;19;-5.492342;-4.751305;166.2021;Box25;0.544;-5.993439;-4.913267;223.2438;0.7800911;;-5.283999;0.3;5/12/2020 10:49:35 AM;00:00:06.1269062;0.006130926;3
1;341;1;Baseline;19;-5.467871;-4.72324;166.0555;Box25;0.533;-5.974788;-4.892849;224.0054;2.050832;;-5.283999;0.3;5/12/2020 10:49:35 AM;00:00:06.1364905;0.006140764;3
1;341;1;Baseline;19;-5.464124;-4.715552;167.1032;Box25;0.532;-5.965537;-4.881968;224.4093;1.451661;;-5.283999;0.3;5/12/2020 10:49:35 AM;00:00:06.1472525;0.006150301;3
1;341;1;Baseline;19;-5.451437;-4.699999;166.9039;Box25;0.527;-5.95651;-4.872111;224.7772;1.401502;;-5.283999;0.3;5/12/2020 10:49:35 AM;00:00:06.1584318;0.006161054;3
1;341;1;Baseline;19;-5.450455;-4.693329;166.3642;Box25;0.527;-5.948454;-4.863167;225.1094;1.119494;;-5.283999;0.3;5/12/2020 10:49:35 AM;00:00:06.1695930;0.006172218;3
1;341;1;Baseline;19;-5.44814;-4.686702;165.533;Box25;0.527;-5.940833;-4.854666;225.3488;1.022596;;-5.283999;0.3;5/12/2020 10:49:35 AM;00:00:06.1826437;0.006183391;3
1;341;1;Baseline;19;-5.447629;-4.679941;165.2523;Box25;0.527;-5.933083;-4.847009;225.4109;0.9750963;;-5.283999;0.3;5/12/2020 10:49:35 AM;00:00:06.1922289;0.006196473;3
1;341;1;Baseline;19;-5.445209;-4.674583;165.675;Box25;0.526;-5.925898;-4.839793;225.2248;0.7784305;;-5.283999;0.3;5/12/2020 10:49:35 AM;00:00:06.2030506;0.006206015;3
1;341;1;Baseline;19;-5.443847;-4.669369;165.6976;Box25;0.526;-5.91923;-4.832631;224.7068;1.025419;;-5.283999;0.3;5/12/2020 10:49:35 AM;00:00:06.2142726;0.006216859;3
1;341;1;Baseline;19;-5.446819;-4.666817;165.0713;Box25;0.527;-5.912861;-4.825945;224.0372;0.8515589;;-5.283999;0.3;5/12/2020 10:49:35 AM;00:00:06.2255669;0.006228087;3
1;341;1;Baseline;19;-5.445982;-4.66185;164.2646;Box25;0.527;-5.906058;-4.818901;223.5216;0.8721521;;-5.283999;0.3;5/12/2020 10:49:35 AM;00:00:06.2368174;0.006239317;3
1;341;1;Baseline;19;-5.444723;-4.657108;163.8286;Box25;0.527;-5.899119;-4.811397;222.9972;0.9101717;;-5.283999;0.3;5/12/2020 10:49:35 AM;00:00:06.2501172;0.006250661;3
1;341;1;Baseline;19;-5.443614;-4.654373;163.8643;Box25;0.527;-5.892571;-4.804742;222.6195;0.8229467;;-5.283999;0.3;5/12/2020 10:49:35 AM;00:00:06.2597466;0.006263947;3
1;341;1;Baseline;19;-5.442123;-4.649673;163.7676;Box25;0.527;-5.886623;-4.798711;222.2334;0.6375861;;-5.283999;0.3;5/12/2020 10:49:35 AM;00:00:06.2701198;0.006273586;3
1;341;1;Baseline;19;-5.439892;-4.645258;163.4202;Box25;0.527;-5.880047;-4.791915;221.7448;0.981083;;-5.283999;0.3;5/12/2020 10:49:35 AM;00:00:06.2814408;0.006283924;3
1;341;1;Baseline;19;-5.437823;-4.643434;163.1883;Box25;0.527;-5.873891;-4.786602;220.9862;0.7866005;;-5.283999;0.3;5/12/2020 10:49:35 AM;00:00:06.2924741;0.006295278;3
1;341;1;Baseline;19;-5.436624;-4.638661;162.3483;Box25;0.527;-5.867741;-4.78136;220.1137;0.7117368;;-5.283999;0.3;5/12/2020 10:49:35 AM;00:00:06.3036441;0.006306262;3
1;341;1;Baseline;19;-5.434776;-4.633664;161.7879;Box25;0.527;-5.861272;-4.775115;219.2184;0.818584;;-5.283999;0.3;5/12/2020 10:49:35 AM;00:00:06.3171642;0.006317473;3
1;341;1;Baseline;19;-5.430861;-4.630054;161.5657;Box25;0.527;-5.855674;-4.769985;218.3868;0.6773264;;-5.283999;0.3;5/12/2020 10:49:35 AM;00:00:06.3270650;0.006331007;3
1;341;1;Baseline;19;-5.426998;-4.624913;161.9291;Box25;0.526;-5.85027;-4.765824;217.5895;0.5039082;;-5.283999;0.3;5/12/2020 10:49:36 AM;00:00:06.3371277;0.006340874;3
1;341;1;Baseline;19;-5.423578;-4.619894;162.4036;Box25;0.526;-5.84469;-4.761081;216.9239;0.7422688;;-5.283999;0.3;5/12/2020 10:49:36 AM;00:00:06.3483933;0.006350934;3
1;341;1;Baseline;19;-5.419487;-4.615806;161.6276;Box25;0.526;-5.839684;-4.758167;216.2581;0.5757696;;-5.283999;0.3;5/12/2020 10:49:36 AM;00:00:06.3594926;0.00636221;3
1;341;1;Baseline;19;-5.417092;-4.610701;160.3959;Box25;0.526;-5.834692;-4.756042;215.4663;0.4811962;;-5.283999;0.3;5/12/2020 10:49:36 AM;00:00:06.3706905;0.006373304;3
1;341;1;Baseline;19;-5.416752;-4.608154;157.795;Box25;0.526;-5.82982;-4.753962;214.5916;0.4775113;;-5.283999;0.3;5/12/2020 10:49:36 AM;00:00:06.3840222;0.006384492;3
1;341;1;Baseline;19;-5.412603;-4.602171;155.4835;Box25;0.527;-5.82551;-4.75318;213.6387;0.3915139;;-5.283999;0.3;5/12/2020 10:49:36 AM;00:00:06.3938396;0.006397866;3
1;341;1;Baseline;19;-5.409456;-4.595993;154.6197;Box25;0.527;-5.820138;-4.75262;212.6837;0.4038044;;-5.283999;0.3;5/12/2020 10:49:36 AM;00:00:06.4041274;0.006407673;3
1;341;1;Baseline;19;-5.405979;-4.589383;155.3185;Box25;0.528;-5.815206;-4.751248;211.7676;0.5221064;;-5.283999;0.3;5/12/2020 10:49:36 AM;00:00:06.4153110;0.006417952;3
1;341;1;Baseline;19;-5.405364;-4.585649;156.7369;Box25;0.528;-5.810272;-4.752518;210.7481;0.4956097;;-5.283999;0.3;5/12/2020 10:49:36 AM;00:00:06.4266686;0.006429119;3
1;341;1;Baseline;19;-5.403077;-4.579297;157.3052;Box25;0.529;-5.805333;-4.7528;209.6684;0.4429859;;-5.283999;0.3;5/12/2020 10:49:36 AM;00:00:06.4376553;0.006440463;3
1;341;1;Baseline;19;-5.400254;-4.572162;158.5661;Box25;0.530;-5.800277;-4.753093;208.2872;0.4464838;;-5.283999;0.3;5/12/2020 10:49:36 AM;00:00:06.4514742;0.006451477;3
1;341;1;Baseline;19;-5.400819;-4.566849;159.9051;Box25;0.532;-5.79589;-4.75352;207.0479;0.400162;;-5.283999;0.3;5/12/2020 10:49:36 AM;00:00:06.4614898;0.006465315;3
1;341;1;Baseline;19;-5.40079;-4.560443;161.1526;Box25;0.534;-5.790858;-4.753695;205.7831;0.3638394;;-5.283999;0.3;5/12/2020 10:49:36 AM;00:00:06.4711180;0.006475342;3
1;341;1;Baseline;19;-5.401433;-4.553917;161.522;Box25;0.536;-5.785835;-4.752966;204.5308;0.5062512;;-5.283999;0.3;5/12/2020 10:49:36 AM;00:00:06.4823521;0.006484923;3
1;341;1;Baseline;19;-5.404486;-4.551627;161.3448;Box25;0.537;-5.780571;-4.751908;203.4043;0.5603298;;-5.283999;0.3;5/12/2020 10:49:36 AM;00:00:06.4935569;0.00649617;3
1;341;1;Baseline;19;-5.404392;-4.546223;161.5872;Box25;0.539;-5.775328;-4.749248;202.7625;0.522819;;-5.283999;0.3;5/12/2020 10:49:36 AM;00:00:06.5046861;0.00650738;3
1;341;1;Baseline;19;-5.404165;-4.540606;162.6956;Box25;0.540;-5.769896;-4.747082;202.0249;0.5216116;;-5.283999;0.3;5/12/2020 10:49:36 AM;00:00:06.5180277;0.006518492;3
1;341;1;Baseline;19;-5.406504;-4.537615;163.7608;Box25;0.542;-5.764215;-4.744109;201.5066;0.5770193;;-5.283999;0.3;5/12/2020 10:49:36 AM;00:00:06.5276934;0.006531827;3
1;341;1;Baseline;19;-5.406594;-4.531244;166.7423;Box25;0.544;-5.759607;-4.741507;201.0272;0.3968882;;-5.283999;0.3;5/12/2020 10:49:36 AM;00:00:06.5381588;0.006541545;3
1;341;1;Baseline;19;-5.407167;-4.525166;169.7488;Box25;0.546;-5.754169;-4.738384;200.4524;0.645295;;-5.283999;0.3;5/12/2020 10:49:36 AM;00:00:06.5495574;0.006551962;3
1;341;1;Baseline;19;-5.407976;-4.520633;172.1508;Box25;0.547;-5.749649;-4.735451;200.0746;0.5172289;;-5.283999;0.3;5/12/2020 10:49:36 AM;00:00:06.5606733;0.006563392;3
1;341;1;Baseline;19;-5.410444;-4.515738;174.6453;Box25;0.550;-5.746385;-4.732645;199.7783;0.376569;;-5.283999;0.3;5/12/2020 10:49:36 AM;00:00:06.5721170;0.006574487;3
1;341;1;Baseline;19;-5.420071;-4.514272;174.9042;Box25;0.553;-5.742823;-4.729377;199.496;0.4357162;;-5.283999;0.3;5/12/2020 10:49:36 AM;00:00:06.5854924;0.006585946;3
1;341;1;Baseline;19;-5.418149;-4.50714;172.4458;Box25;0.555;-5.73987;-4.726583;199.1329;0.3547975;Box25;-5.283999;0.3;5/12/2020 10:49:36 AM;00:00:06.5951144;0.00659933;3
1;341;1;Baseline;19;-5.420471;-4.502597;174.3483;Box25;0.557;-5.737827;-4.724164;198.6819;0.2365043;Box25;-5.283999;0.3;5/12/2020 10:49:36 AM;00:00:06.6066242;0.006608914;3
1;341;1;Baseline;19;-5.422995;-4.497483;173.3773;null;0.000;-5.735064;-4.721323;198.2117;0.4135957;Box25;-5.283999;0.3;5/12/2020 10:49:36 AM;00:00:06.6181153;0.006620422;3
1;341;1;Baseline;19;-5.42557;-4.49302;174.7923;null;0.000;-5.733906;-4.718615;197.7729;0.2559555;Box25;-5.283999;0.3;5/12/2020 10:49:36 AM;00:00:06.6296213;0.006631954;3
1;341;1;Baseline;19;-5.428864;-4.488135;176.5218;null;0.000;-5.732453;-4.715646;197.3644;0.2865711;Box25;-5.283999;0.3;5/12/2020 10:49:36 AM;00:00:06.6410106;0.006643387;3
1;341;1;Baseline;19;-5.432797;-4.484725;178.498;null;0.000;-5.731536;-4.712306;197.0518;0.3029504;Box25;-5.283999;0.3;5/12/2020 10:49:36 AM;00:00:06.6545070;0.006654818;3
1;341;1;Baseline;19;-5.433178;-4.479005;180.0938;null;0.000;-5.731091;-4.708786;196.7926;0.3104376;null;-5.283999;0.3;5/12/2020 10:49:36 AM;00:00:06.6643436;0.006668258;3
1;341;1;Baseline;19;-5.436453;-4.475043;181.5481;null;0.000;-5.730722;-4.70507;196.5609;0.2777766;null;-5.283999;0.3;5/12/2020 10:49:36 AM;00:00:06.6754950;0.006678197;3
1;341;1;Baseline;19;-5.440147;-4.471551;182.6636;null;0.000;-5.730676;-4.701596;196.2931;0.3496482;null;-5.283999;0.3;5/12/2020 10:49:36 AM;00:00:06.6869438;0.006689275;3
1;341;1;Baseline;19;-5.440577;-4.46644;184.0329;null;0.000;-5.73129;-4.698327;195.9274;0.3002191;null;-5.283999;0.3;5/12/2020 10:49:36 AM;00:00:06.6984273;0.006700766;3
1;341;1;Baseline;19;-5.443166;-4.462136;185.3866;null;0.000;-5.732205;-4.695145;195.5011;0.2881718;null;-5.283999;0.3;5/12/2020 10:49:36 AM;00:00:06.7102677;0.006712239;3
1;341;1;Baseline;19;-5.442092;-4.45647;186.7615;null;0.000;-5.732989;-4.691765;195.0986;0.3023936;null;-5.283999;0.3;5/12/2020 10:49:36 AM;00:00:06.7323048;0.006724074;3
1;341;1;Baseline;19;-5.444706;-4.452096;188.0859;null;0.000;-5.734777;-4.688026;194.7474;0.3501617;null;-5.283999;0.3;5/12/2020 10:49:36 AM;00:00:06.7421742;0.006746052;3
1;341;1;Baseline;19;-5.45111;-4.442595;189.6188;null;0.000;-5.738466;-4.67986;194.2179;0.4077154;null;-5.283999;0.3;5/12/2020 10:49:36 AM;00:00:06.7518916;0.00675599;3
1;341;1;Baseline;19;-5.452168;-4.436675;190.0945;null;0.000;-5.740474;-4.675835;193.9929;0.4526073;null;-5.283999;0.3;5/12/2020 10:49:36 AM;00:00:06.7616249;0.006765932;3
1;341;1;Baseline;19;-5.456182;-4.431987;190.2313;null;0.000;-5.742648;-4.671037;193.811;0.5298271;null;-5.283999;0.3;5/12/2020 10:49:36 AM;00:00:06.7727400;0.006775458;3
1;341;1;Baseline;19;-5.456794;-4.426246;190.5758;null;0.000;-5.746101;-4.666251;193.8311;0.61955;null;-5.283999;0.3;5/12/2020 10:49:36 AM;00:00:06.7839942;0.006786551;3
1;341;1;Baseline;19;-5.459713;-4.421646;191.3664;null;0.000;-5.749599;-4.661532;193.858;0.5295245;null;-5.283999;0.3;5/12/2020 10:49:36 AM;00:00:06.7974093;0.006797792;3
1;341;1;Baseline;19;-5.461875;-4.416981;192.5672;null;0.000;-5.752778;-4.656748;193.84;0.5109846;null;-5.283999;0.3;5/12/2020 10:49:36 AM;00:00:06.8070304;0.006811135;3
1;341;1;Baseline;19;-5.461821;-4.411146;193.8134;null;0.000;-5.756935;-4.651761;193.936;0.4865752;null;-5.283999;0.3;5/12/2020 10:49:36 AM;00:00:06.8176008;0.006821074;3
1;341;1;Baseline;19;-5.46438;-4.405986;194.706;null;0.000;-5.761404;-4.646601;194.062;0.6868196;null;-5.283999;0.3;5/12/2020 10:49:36 AM;00:00:06.8286378;0.006831392;3
1;341;1;Baseline;19;-5.467024;-4.400644;195.3897;null;0.000;-5.76581;-4.641236;194.1289;0.6728283;null;-5.283999;0.3;5/12/2020 10:49:36 AM;00:00:06.8398082;0.006842457;3
1;341;1;Baseline;19;-5.470772;-4.395663;195.878;null;0.000;-5.771075;-4.635355;194.3154;0.7132991;null;-5.283999;0.3;5/12/2020 10:49:36 AM;00:00:06.8510125;0.006853621;3
1;341;1;Baseline;19;-5.470921;-4.389335;195.2667;null;0.000;-5.775871;-4.629694;194.4421;0.6646178;null;-5.283999;0.3;5/12/2020 10:49:36 AM;00:00:06.8645202;0.006864828;3
1;341;1;Baseline;19;-5.472521;-4.384425;196.6613;null;0.000;-5.781102;-4.623427;194.5952;0.728399;null;-5.283999;0.3;5/12/2020 10:49:36 AM;00:00:06.8741326;0.006878256;3
1;341;1;Baseline;19;-5.474918;-4.379591;197.7218;null;0.000;-5.786225;-4.61728;194.744;0.5959423;null;-5.283999;0.3;5/12/2020 10:49:36 AM;00:00:06.8844709;0.006888173;3
1;341;1;Baseline;19;-5.475288;-4.372779;198.6275;null;0.000;-5.791821;-4.610268;194.9426;0.9047183;null;-5.283999;0.3;5/12/2020 10:49:36 AM;00:00:06.8956541;0.006898285;3
1;341;1;Baseline;19;-5.476456;-4.366119;198.7737;null;0.000;-5.797255;-4.603197;195.1331;0.8818327;null;-5.283999;0.3;5/12/2020 10:49:36 AM;00:00:06.9067952;0.006909481;3
1;341;1;Baseline;19;-5.476329;-4.359469;200.3455;null;0.000;-5.802859;-4.595868;195.4046;0.8240584;null;-5.283999;0.3;5/12/2020 10:49:36 AM;00:00:06.9180324;0.006920614;3
1;341;1;Baseline;19;-5.476443;-4.351945;202.0197;null;0.000;-5.808735;-4.588223;195.7558;0.8660509;null;-5.283999;0.3;5/12/2020 10:49:36 AM;00:00:06.9315221;0.006931844;3
1;341;1;Baseline;19;-5.4777;-4.345345;203.1799;null;0.000;-5.815126;-4.580423;196.0681;0.8980169;null;-5.283999;0.3;5/12/2020 10:49:36 AM;00:00:06.9410798;0.006945269;3
1;341;1;Baseline;19;-5.47493;-4.337631;203.8697;null;0.000;-5.821546;-4.571964;196.3688;0.7910321;null;-5.283999;0.3;5/12/2020 10:49:36 AM;00:00:06.9515066;0.006955121;3
1;341;1;Baseline;19;-5.475152;-4.330604;204.9144;null;0.000;-5.827316;-4.5636;196.4882;1.031379;null;-5.283999;0.3;5/12/2020 10:49:36 AM;00:00:06.9626402;0.006965314;3
1;341;1;Baseline;19;-5.475807;-4.323647;206.09;null;0.000;-5.833766;-4.555028;196.6422;1.052426;null;-5.283999;0.3;5/12/2020 10:49:36 AM;00:00:06.9737810;0.006976467;3
1;341;1;Baseline;19;-5.476805;-4.315988;207.3335;null;0.000;-5.838773;-4.546733;196.94;0.8687679;null;-5.283999;0.3;5/12/2020 10:49:36 AM;00:00:06.9850164;0.006987606;3
1;341;1;Baseline;19;-5.476325;-4.30747;208.3501;null;0.000;-5.844041;-4.538756;197.364;0.8582006;null;-5.283999;0.3;5/12/2020 10:49:36 AM;00:00:06.9988722;0.006998827;3
1;341;1;Baseline;19;-5.477863;-4.300457;209.4846;null;0.000;-5.848003;-4.530325;197.7265;0.8301736;null;-5.283999;0.3;5/12/2020 10:49:36 AM;00:00:07.0094082;0.007012615;3
1;341;1;Baseline;19;-5.478438;-4.294308;211.3385;null;0.000;-5.855148;-4.525024;198.0521;0.6452323;null;-5.283999;0.3;5/12/2020 10:49:36 AM;00:00:07.0195850;0.007023221;3
1;341;1;Baseline;19;-5.474842;-4.287308;214.0089;null;0.000;-5.861131;-4.518795;198.2601;0.814427;null;-5.283999;0.3;5/12/2020 10:49:36 AM;00:00:07.0294502;0.00703344;3
1;341;1;Baseline;19;-5.474418;-4.281369;216.7433;null;0.000;-5.866375;-4.512439;198.4131;0.806351;null;-5.283999;0.3;5/12/2020 10:49:36 AM;00:00:07.0408498;0.007043485;3
1;341;1;Baseline;19;-5.474565;-4.275199;218.9037;null;0.000;-5.871583;-4.507019;198.4065;0.7481815;null;-5.283999;0.3;5/12/2020 10:49:36 AM;00:00:07.0521454;0.007054651;3
1;341;1;Baseline;19;-5.471757;-4.267495;220.8532;null;0.000;-5.877509;-4.501538;198.3969;0.7229762;null;-5.283999;0.3;5/12/2020 10:49:36 AM;00:00:07.0658245;0.007065926;3
1;341;1;Baseline;19;-5.471892;-4.260775;222.6628;null;0.000;-5.881742;-4.495615;198.27;0.6456821;null;-5.283999;0.3;5/12/2020 10:49:36 AM;00:00:07.0771977;0.00707946;3
1;341;1;Baseline;19;-5.470559;-4.253836;224.2348;null;0.000;-5.886321;-4.49024;198.0585;0.5217218;null;-5.283999;0.3;5/12/2020 10:49:36 AM;00:00:07.0871890;0.007091038;3
1;341;1;Baseline;19;-5.464936;-4.246504;225.9234;null;0.000;-5.890481;-4.48455;197.895;0.6088082;null;-5.283999;0.3;5/12/2020 10:49:36 AM;00:00:07.0972813;0.007101053;3
1;341;1;Baseline;19;-5.462492;-4.241052;227.766;null;0.000;-5.895691;-4.478548;197.8797;0.7936161;null;-5.283999;0.3;5/12/2020 10:49:36 AM;00:00:07.1076365;0.007111123;3
1;341;1;Baseline;19;-5.460076;-4.234917;229.5666;null;0.000;-5.898966;-4.472254;198.061;0.7045516;null;-5.283999;0.3;5/12/2020 10:49:36 AM;00:00:07.1191118;0.007121672;3
1;341;1;Baseline;19;-5.45446;-4.227196;230.8931;null;0.000;-5.90192;-4.465718;198.4338;0.6799145;null;-5.283999;0.3;5/12/2020 10:49:36 AM;00:00:07.1326798;0.007132948;3
1;341;1;Baseline;19;-5.45295;-4.222115;231.9281;null;0.000;-5.905334;-4.459007;198.8995;0.6677068;null;-5.283999;0.3;5/12/2020 10:49:36 AM;00:00:07.1427026;0.007146385;3
1;341;1;Baseline;19;-5.45036;-4.218095;233.1981;null;0.000;-5.908301;-4.452727;199.352;0.5169018;null;-5.283999;0.3;5/12/2020 10:49:36 AM;00:00:07.1525414;0.007156482;3
1;341;1;Baseline;19;-5.443253;-4.213092;234.7156;null;0.000;-5.91157;-4.44661;199.6998;0.6868744;null;-5.283999;0.3;5/12/2020 10:49:36 AM;00:00:07.1637438;0.007166365;3
1;341;1;Baseline;19;-5.438005;-4.21188;236.828;null;0.000;-5.912752;-4.439147;199.9997;0.7646251;null;-5.283999;0.3;5/12/2020 10:49:36 AM;00:00:07.1752353;0.007177556;3
1;341;1;Baseline;19;-5.435045;-4.208405;238.6356;null;0.000;-5.915775;-4.433806;200.2691;0.5483853;null;-5.283999;0.3;5/12/2020 10:49:36 AM;00:00:07.1886722;0.007189007;3
1;341;1;Baseline;19;-5.428738;-4.20458;239.9995;null;0.000;-5.918654;-4.428598;200.3531;0.5197406;null;-5.283999;0.3;5/12/2020 10:49:36 AM;00:00:07.1985654;0.007202497;3
1;341;1;Baseline;19;-5.425457;-4.202295;241.1889;null;0.000;-5.92214;-4.423932;200.2677;0.4317038;null;-5.283999;0.3;5/12/2020 10:49:36 AM;00:00:07.2086926;0.007212398;3
1;341;1;Baseline;19;-5.42168;-4.200098;242.4286;null;0.000;-5.925272;-4.418832;200.1563;0.6044929;null;-5.283999;0.3;5/12/2020 10:49:36 AM;00:00:07.2201734;0.0072225;3
1;341;1;Baseline;19;-5.415551;-4.197618;243.6838;null;0.000;-5.927624;-4.413413;200.0023;0.5848187;null;-5.283999;0.3;5/12/2020 10:49:36 AM;00:00:07.2317670;0.007233991;3
1;341;1;Baseline;19;-5.409615;-4.197342;244.5735;Box32;1.046;-5.930427;-4.408317;199.9713;0.5061182;null;-4.500001;0.3;5/12/2020 10:49:36 AM;00:00:07.2433318;0.007245516;3
1;341;1;Baseline;19;-5.402921;-4.195556;245.7283;Box32;1.040;-5.932562;-4.402872;199.8884;0.5074422;null;-4.500001;0.3;5/12/2020 10:49:36 AM;00:00:07.2567182;0.007257123;3
1;341;1;Baseline;19;-5.398108;-4.19651;247.4145;Box32;1.036;-5.934714;-4.397265;199.8535;0.5174302;null;-4.500001;0.3;5/12/2020 10:49:36 AM;00:00:07.2666101;0.007270548;3
1;341;1;Baseline;19;-5.393878;-4.193962;248.6054;Box32;1.032;-5.936515;-4.391994;199.8345;0.4148796;null;-4.500001;0.3;5/12/2020 10:49:36 AM;00:00:07.2778258;0.007280463;3
1;341;1;Baseline;19;-5.389323;-4.190516;248.7961;Box32;1.028;-5.937714;-4.386285;199.8529;0.588362;null;-4.500001;0.3;5/12/2020 10:49:36 AM;00:00:07.2892881;0.007291636;3
1;341;1;Baseline;19;-5.382539;-4.188828;249.2451;Box32;1.022;-5.939515;-4.379995;199.9181;0.5856572;null;-4.500001;0.3;5/12/2020 10:49:36 AM;00:00:07.3008166;0.007303117;3
1;341;1;Baseline;19;-5.37718;-4.190378;249.9097;Box32;1.017;-5.940779;-4.374093;199.9806;0.5257319;null;-4.500001;0.3;5/12/2020 10:49:36 AM;00:00:07.3140646;0.007314618;3
1;341;1;Baseline;19;-5.369086;-4.189051;250.788;Box32;1.010;-5.941327;-4.367783;200.16;0.5506889;null;-4.500001;0.3;5/12/2020 10:49:36 AM;00:00:07.3239078;0.007327902;3
1;341;1;Baseline;19;-5.363832;-4.189758;251.4689;Box32;1.006;-5.941777;-4.361198;200.3335;0.4968392;null;-4.500001;0.3;5/12/2020 10:49:37 AM;00:00:07.3354590;0.0073377;3
1;341;1;Baseline;19;-5.358941;-4.190226;252.2254;Box32;1.002;-5.941478;-4.354701;200.5783;0.6637946;null;-4.500001;0.3;5/12/2020 10:49:37 AM;00:00:07.3541830;0.00734931;3
1;341;1;Baseline;19;-5.351056;-4.191052;253.2315;Box32;0.995;-5.941099;-4.347853;200.8111;0.5907654;null;-4.500001;0.3;5/12/2020 10:49:37 AM;00:00:07.3642430;0.007367942;3
1;341;1;Baseline;19;-5.354059;-4.183215;252.2329;Box32;0.997;-5.940781;-4.341137;201.1171;0.3608574;null;-4.500001;0.3;5/12/2020 10:49:37 AM;00:00:07.3775906;0.007378109;3
1;341;1;Baseline;19;-5.357249;-4.165397;247.9507;Box32;0.997;-5.93946;-4.327378;202.0106;1.359579;null;-4.500001;0.3;5/12/2020 10:49:37 AM;00:00:07.3873705;0.007391445;3
1;341;1;Baseline;19;-5.357241;-4.15514;244.532;Box32;0.996;-5.937958;-4.320243;202.3951;0.5466871;null;-4.500001;0.3;5/12/2020 10:49:37 AM;00:00:07.3983516;0.007401222;3
1;341;1;Baseline;19;-5.355326;-4.152599;243.0186;Box32;0.995;-5.93662;-4.313761;202.5674;0.6770467;null;-4.500001;0.3;5/12/2020 10:49:37 AM;00:00:07.4095534;0.007412159;3
1;341;1;Baseline;19;-5.349646;-4.157001;243.6122;Box32;0.990;-5.934387;-4.307095;202.5274;0.6427441;null;-4.500001;0.3;5/12/2020 10:49:37 AM;00:00:07.4207741;0.007423338;3
1;341;1;Baseline;19;-5.344735;-4.15646;245.3632;Box32;0.986;-5.931902;-4.300474;202.4879;0.6325986;null;-4.500001;0.3;5/12/2020 10:49:37 AM;00:00:07.4341578;0.007434519;3
1;341;1;Baseline;19;-5.34184;-4.154058;246.3554;Box32;0.983;-5.929746;-4.294311;202.6129;0.5840108;null;-4.500001;0.3;5/12/2020 10:49:37 AM;00:00:07.4440048;0.007448011;3
1;341;1;Baseline;19;-5.336123;-4.149018;247.0933;Box32;0.978;-5.926612;-4.287245;202.9174;0.5729246;null;-4.500001;0.3;5/12/2020 10:49:37 AM;00:00:07.4541765;0.007457869;3
1;341;1;Baseline;19;-5.333257;-4.142445;247.4361;Box32;0.975;-5.924812;-4.280029;203.3351;0.7543927;null;-4.500001;0.3;5/12/2020 10:49:37 AM;00:00:07.4653778;0.007468008;3
1;341;1;Baseline;19;-5.331472;-4.136389;247.105;Box32;0.973;-5.921548;-4.272938;203.7025;0.7698345;null;-4.500001;0.3;5/12/2020 10:49:37 AM;00:00:07.4766046;0.007479185;3
1;341;1;Baseline;19;-5.326705;-4.128082;246.5529;Box32;0.968;-5.918443;-4.265986;203.9964;0.6812323;null;-4.500001;0.3;5/12/2020 10:49:37 AM;00:00:07.4903533;0.00749036;3
1;341;1;Baseline;19;-5.322535;-4.12327;246.6365;Box32;0.964;-5.915094;-4.259197;204.2542;0.677411;null;-4.500001;0.3;5/12/2020 10:49:37 AM;00:00:07.5003269;0.007504188;3
1;341;1;Baseline;19;-5.319226;-4.119886;247.517;Box32;0.961;-5.91128;-4.252532;204.4833;0.5553073;null;-4.500001;0.3;5/12/2020 10:49:37 AM;00:00:07.5102348;0.007514137;3
1;341;1;Baseline;19;-5.315573;-4.113661;248.6562;Box32;0.958;-5.907445;-4.246109;204.6943;0.7520251;null;-4.500001;0.3;5/12/2020 10:49:37 AM;00:00:07.5212358;0.007524032;3
1;341;1;Baseline;19;-5.312587;-4.107306;248.976;Box32;0.955;-5.903729;-4.239417;204.9662;0.7735702;null;-4.500001;0.3;5/12/2020 10:49:37 AM;00:00:07.5324798;0.007535044;3
1;341;1;Baseline;19;-5.311004;-4.098391;247.8552;Box32;0.953;-5.899794;-4.233117;205.2645;0.6745084;null;-4.500001;0.3;5/12/2020 10:49:37 AM;00:00:07.5458562;0.007546265;3
1;341;1;Baseline;19;-5.307163;-4.090293;246.7255;Box32;0.950;-5.89599;-4.22691;205.603;0.6487805;null;-4.500001;0.3;5/12/2020 10:49:37 AM;00:00:07.5560910;0.007559712;3
1;341;1;Baseline;19;-5.304528;-4.082441;245.0777;Box32;0.947;-5.891587;-4.220899;205.9203;0.554137;null;-4.500001;0.3;5/12/2020 10:49:37 AM;00:00:07.5660505;0.007569919;3
1;341;1;Baseline;19;-5.301431;-4.075169;243.9691;null;0.000;-5.886438;-4.215433;206.2381;0.7356352;null;-4.500001;0.3;5/12/2020 10:49:37 AM;00:00:07.5772201;0.007579897;3
1;341;1;Baseline;19;-5.297041;-4.067802;243.556;null;0.000;-5.881535;-4.210112;206.5096;0.7251541;null;-4.500001;0.3;5/12/2020 10:49:37 AM;00:00:07.5882401;0.007590999;3
1;341;1;Baseline;19;-5.293349;-4.061326;243.1425;null;0.000;-5.876827;-4.204685;206.7619;0.6470745;null;-4.500001;0.3;5/12/2020 10:49:37 AM;00:00:07.6018438;0.007602042;3
1;341;1;Baseline;19;-5.288946;-4.0552;243.463;null;0.000;-5.871969;-4.199534;206.9949;0.6412375;null;-4.500001;0.3;5/12/2020 10:49:37 AM;00:00:07.6118868;0.00761571;3
1;341;1;Baseline;19;-5.282641;-4.046912;243.6444;null;0.000;-5.866814;-4.194344;207.1807;0.5351717;null;-4.500001;0.3;5/12/2020 10:49:37 AM;00:00:07.6219977;0.007625745;3
1;341;1;Baseline;19;-5.278971;-4.038845;243.1809;null;0.000;-5.861728;-4.18928;207.24;0.715285;null;-4.500001;0.3;5/12/2020 10:49:37 AM;00:00:07.6329042;0.007635838;3
1;341;1;Baseline;19;-5.275812;-4.030371;241.9068;null;0.000;-5.856513;-4.183546;206.9676;0.7679049;null;-4.500001;0.3;5/12/2020 10:49:37 AM;00:00:07.6443026;0.007646713;3
1;341;1;Baseline;19;-5.26938;-4.019385;240.0657;null;0.000;-5.850766;-4.177087;206.6165;0.7949985;null;-4.500001;0.3;5/12/2020 10:49:37 AM;00:00:07.6667154;0.007658137;3
1;341;1;Baseline;19;-5.266298;-4.012124;238.4687;null;0.000;-5.845125;-4.170395;206.6096;0.766092;null;-4.500001;0.3;5/12/2020 10:49:37 AM;00:00:07.6775837;0.007680445;3
1;341;1;Baseline;19;-5.259816;-3.996756;235.5463;null;0.000;-5.832444;-4.154678;208.3323;0.9052677;null;-4.500001;0.3;5/12/2020 10:49:37 AM;00:00:07.6887802;0.007691399;3
1;341;1;Baseline;19;-5.255262;-3.988544;234.6393;null;0.000;-5.827237;-4.14737;209.354;0.8192043;null;-4.500001;0.3;5/12/2020 10:49:37 AM;00:00:07.6998898;0.007702569;3
1;341;1;Baseline;19;-5.252851;-3.980687;234.2708;null;0.000;-5.82232;-4.140828;209.9517;0.7326621;null;-4.500001;0.3;5/12/2020 10:49:37 AM;00:00:07.7111218;0.007713694;3
1;341;1;Baseline;19;-5.246644;-3.971344;233.7785;null;0.000;-5.817273;-4.134175;210.4496;0.7506485;null;-4.500001;0.3;5/12/2020 10:49:37 AM;00:00:07.7250290;0.00772496;3
1;341;1;Baseline;19;-5.242572;-3.964632;233.9065;null;0.000;-5.813029;-4.127913;210.8432;0.6714046;null;-4.500001;0.3;5/12/2020 10:49:37 AM;00:00:07.7351406;0.007738878;3
1;341;1;Baseline;19;-5.238719;-3.957414;233.5717;null;0.000;-5.809216;-4.12205;211.1515;0.5025314;null;-4.500001;0.3;5/12/2020 10:49:37 AM;00:00:07.7450968;0.007749001;3
1;341;1;Baseline;19;-5.232438;-3.947992;232.8289;null;0.000;-5.80539;-4.116111;211.3532;0.6978459;null;-4.500001;0.3;5/12/2020 10:49:37 AM;00:00:07.7557813;0.007758947;3
1;341;1;Baseline;19;-5.229337;-3.939462;230.6489;null;0.000;-5.801496;-4.110106;211.5968;0.7197015;null;-4.500001;0.3;5/12/2020 10:49:37 AM;00:00:07.7669294;0.007769563;3
1;341;1;Baseline;19;-5.225683;-3.93165;228.9517;null;0.000;-5.797459;-4.104016;211.8028;0.688164;null;-4.500001;0.3;5/12/2020 10:49:37 AM;00:00:07.7804782;0.007780737;3
1;341;1;Baseline;19;-5.218009;-3.923995;227.473;null;0.000;-5.792997;-4.097928;212.1207;0.6755141;null;-4.500001;0.3;5/12/2020 10:49:37 AM;00:00:07.7904897;0.007794306;3
1;341;1;Baseline;19;-5.212813;-3.918856;227.3542;null;0.000;-5.788254;-4.091735;212.4991;0.5748823;null;-4.500001;0.3;5/12/2020 10:49:37 AM;00:00:07.8007314;0.007804345;3
1;341;1;Baseline;19;-5.207987;-3.913886;227.9347;null;0.000;-5.783442;-4.085486;212.9123;0.7856872;null;-4.500001;0.3;5/12/2020 10:49:37 AM;00:00:07.8116357;0.007814579;3
1;341;1;Baseline;19;-5.201585;-3.907406;228.2872;null;0.000;-5.7792;-4.079758;213.3197;0.6964711;null;-4.500001;0.3;5/12/2020 10:49:37 AM;00:00:07.8227884;0.007825467;3
1;341;1;Baseline;19;-5.198059;-3.901191;228.1092;null;0.000;-5.774403;-4.074158;213.7022;0.6772275;null;-4.500001;0.3;5/12/2020 10:49:37 AM;00:00:07.8365414;0.007836594;3
1;341;1;Baseline;19;-5.196224;-3.89414;226.689;null;0.000;-5.769805;-4.068845;214.0368;0.631364;null;-4.500001;0.3;5/12/2020 10:49:37 AM;00:00:07.8468294;0.007850376;3
1;341;1;Baseline;19;-5.192157;-3.88595;224.0302;null;0.000;-5.765731;-4.063866;214.3374;0.466812;null;-4.500001;0.3;5/12/2020 10:49:37 AM;00:00:07.8568246;0.007860673;3
1;341;1;Baseline;19;-5.188916;-3.87971;221.8421;null;0.000;-5.761267;-4.059057;214.5997;0.637262;null;-4.500001;0.3;5/12/2020 10:49:37 AM;00:00:07.8675298;0.007870672;3
1;341;1;Baseline;19;-5.184206;-3.875212;220.9492;null;0.000;-5.757119;-4.053849;214.7887;0.6658031;null;-4.500001;0.3;5/12/2020 10:49:37 AM;00:00:07.8786950;0.007881309;3
1;341;1;Baseline;19;-5.177118;-3.87104;221.0171;null;0.000;-5.752454;-4.048851;215.0233;0.6428174;null;-4.500001;0.3;5/12/2020 10:49:37 AM;00:00:07.8927768;0.007892516;3
1;341;1;Baseline;19;-5.170922;-3.868008;222.191;null;0.000;-5.747528;-4.043701;215.2291;0.6358058;null;-4.500001;0.3;5/12/2020 10:49:37 AM;00:00:07.9028656;0.007906619;3
1;341;1;Baseline;19;-5.164931;-3.864625;223.4651;null;0.000;-5.742825;-4.038406;215.4363;0.5021887;null;-4.500001;0.3;5/12/2020 10:49:37 AM;00:00:07.9130836;0.007916713;3
1;341;1;Baseline;19;-5.158751;-3.860055;223.4185;null;0.000;-5.738235;-4.032928;215.7133;0.708065;null;-4.500001;0.3;5/12/2020 10:49:37 AM;00:00:07.9233184;0.007926929;3
1;341;1;Baseline;19;-5.154743;-3.855275;223.3087;null;0.000;-5.733342;-4.027603;216.0149;0.7078089;null;-4.500001;0.3;5/12/2020 10:49:37 AM;00:00:07.9345413;0.007937108;3
1;341;1;Baseline;19;-5.15085;-3.850518;222.4951;null;0.000;-5.728131;-4.021672;216.3348;0.7756108;null;-4.500001;0.3;5/12/2020 10:49:37 AM;00:00:07.9480058;0.00794836;3
1;341;1;Baseline;19;-5.146088;-3.845815;221.7657;null;0.000;-5.723041;-4.01616;216.6832;0.6668416;null;-4.500001;0.3;5/12/2020 10:49:37 AM;00:00:07.9582822;0.007961849;3
1;341;1;Baseline;19;-5.139709;-3.843535;221.503;null;0.000;-5.717746;-4.010486;217.0492;0.5753796;null;-4.500001;0.3;5/12/2020 10:49:37 AM;00:00:07.9684008;0.007972087;3
1;341;1;Baseline;19;-5.13345;-3.840825;221.779;null;0.000;-5.71263;-4.005068;217.409;0.7277879;null;-4.500001;0.3;5/12/2020 10:49:37 AM;00:00:07.9791698;0.007982253;3
1;341;1;Baseline;19;-5.125827;-3.838567;222.6953;null;0.000;-5.707304;-3.999499;217.7456;0.757924;null;-4.500001;0.3;5/12/2020 10:49:37 AM;00:00:07.9903420;0.007992999;3
1;341;1;Baseline;19;-5.119759;-3.83558;223.2444;null;0.000;-5.702184;-3.993764;218.0865;0.7155027;null;-4.500001;0.3;5/12/2020 10:49:37 AM;00:00:08.0040833;0.008004161;3
1;341;1;Baseline;19;-5.113885;-3.832439;223.7987;null;0.000;-5.696939;-3.987868;218.4052;0.7070022;null;-4.500001;0.3;5/12/2020 10:49:37 AM;00:00:08.0142173;0.008017924;3
1;341;1;Baseline;19;-5.106841;-3.829139;223.8008;null;0.000;-5.691381;-3.98193;218.7227;0.5909453;null;-4.500001;0.3;5/12/2020 10:49:37 AM;00:00:08.0243945;0.008028072;3
1;341;1;Baseline;19;-5.100663;-3.826328;223.751;null;0.000;-5.685864;-3.975697;219.0469;0.8201723;null;-4.500001;0.3;5/12/2020 10:49:37 AM;00:00:08.0350098;0.008038237;3
1;341;1;Baseline;19;-5.09366;-3.824401;224.0016;null;0.000;-5.68007;-3.968556;219.407;0.9046907;null;-4.500001;0.3;5/12/2020 10:49:37 AM;00:00:08.0462282;0.008048796;3
1;341;1;Baseline;19;-5.085833;-3.821578;224.3293;null;0.000;-5.674388;-3.962092;219.7907;0.8150475;null;-4.500001;0.3;5/12/2020 10:49:37 AM;00:00:08.0599728;0.00806004;3
1;341;1;Baseline;19;-5.078463;-3.819282;224.7935;null;0.000;-5.668747;-3.955297;220.2615;0.7854028;null;-4.500001;0.3;5/12/2020 10:49:37 AM;00:00:08.0702102;0.00807378;3
1;341;1;Baseline;19;-5.070854;-3.816986;225.2979;null;0.000;-5.662731;-3.94802;220.7456;0.6872451;null;-4.500001;0.3;5/12/2020 10:49:37 AM;00:00:08.0804313;0.008084059;3
1;341;1;Baseline;19;-5.061951;-3.814954;225.8974;null;0.000;-5.657018;-3.941059;221.194;0.8760046;null;-4.500001;0.3;5/12/2020 10:49:37 AM;00:00:08.0912745;0.00809428;3
1;341;1;Baseline;19;-5.053477;-3.813081;226.9232;null;0.000;-5.65074;-3.933437;221.6772;0.9661052;null;-4.500001;0.3;5/12/2020 10:49:37 AM;00:00:08.1020697;0.00810511;3
1;341;1;Baseline;19;-5.044881;-3.811404;228.0125;null;0.000;-5.644315;-3.925692;222.188;0.9291762;null;-4.500001;0.3;5/12/2020 10:49:37 AM;00:00:08.1163065;0.008115897;3
1;341;1;Baseline;19;-5.034719;-3.810032;229.1322;null;0.000;-5.637818;-3.917782;222.736;0.9489639;null;-4.500001;0.3;5/12/2020 10:49:37 AM;00:00:08.1266792;0.008130066;3
1;341;1;Baseline;19;-5.025834;-3.808327;230.2919;null;0.000;-5.630991;-3.909519;223.2886;0.7564808;null;-4.500001;0.3;5/12/2020 10:49:37 AM;00:00:08.1368014;0.008140493;3
1;341;1;Baseline;19;-5.016992;-3.80659;231.2824;null;0.000;-5.624397;-3.90122;223.8406;1.016499;null;-4.500001;0.3;5/12/2020 10:49:37 AM;00:00:08.1472010;0.008150662;3
1;341;1;Baseline;19;-5.00654;-3.804516;232.0053;null;0.000;-5.617432;-3.892618;224.4745;1.088478;null;-4.500001;0.3;5/12/2020 10:49:37 AM;00:00:08.1582070;0.008160952;3
1;341;1;Baseline;19;-4.997336;-3.802444;232.5076;null;0.000;-5.610949;-3.884279;225.0692;1.026405;null;-4.500001;0.3;5/12/2020 10:49:37 AM;00:00:08.1717589;0.008172015;3
1;341;1;Baseline;19;-4.98801;-3.80046;232.951;null;0.000;-5.604296;-3.875571;225.7002;0.9906101;null;-4.500001;0.3;5/12/2020 10:49:37 AM;00:00:08.1819220;0.00818562;3
1;341;1;Baseline;19;-4.976444;-3.798825;233.5388;null;0.000;-5.59778;-3.866999;226.3382;0.7913981;null;-4.500001;0.3;5/12/2020 10:49:37 AM;00:00:08.1927569;0.00819577;3
1;341;1;Baseline;19;-4.966386;-3.79741;234.2532;Box37;1.296;-5.591102;-3.858578;226.922;1.058836;null;-3.988001;0.3;5/12/2020 10:49:37 AM;00:00:08.2042836;0.008206565;3
1;341;1;Baseline;19;-4.956489;-3.796277;235.1913;Box37;1.288;-5.584615;-3.850339;227.4702;0.971523;null;-3.988001;0.3;5/12/2020 10:49:37 AM;00:00:08.2158782;0.008218104;3
1;341;1;Baseline;19;-4.94415;-3.795188;236.1807;Box37;1.278;-5.578704;-3.842097;227.964;0.8789383;null;-3.988001;0.3;5/12/2020 10:49:37 AM;00:00:08.2297250;0.008229649;3
1;341;1;Baseline;19;-4.933868;-3.794833;237.4917;Box37;1.270;-5.572467;-3.834177;228.4442;0.8732749;null;-3.988001;0.3;5/12/2020 10:49:37 AM;00:00:08.2399354;0.008243541;3
1;341;1;Baseline;19;-4.923442;-3.794539;238.9487;Box37;1.262;-5.566342;-3.826252;228.8898;0.7209634;null;-3.988001;0.3;5/12/2020 10:49:37 AM;00:00:08.2504126;0.008253744;3
1;341;1;Baseline;19;-4.912651;-3.794222;240.4662;Box37;1.254;-5.56042;-3.818529;229.1993;0.9539352;null;-3.988001;0.3;5/12/2020 10:49:37 AM;00:00:08.2621294;0.008264237;3
1;341;1;Baseline;19;-4.902491;-3.794462;242.0583;Box37;1.247;-5.554217;-3.810038;229.4748;1.002115;null;-3.988001;0.3;5/12/2020 10:49:37 AM;00:00:08.2736629;0.008275888;3
1;341;1;Baseline;19;-4.892544;-3.794179;243.3792;Box37;1.239;-5.547749;-3.801966;229.6367;0.8877714;null;-3.988001;0.3;5/12/2020 10:49:37 AM;00:00:08.2962468;0.008287493;3
1;341;1;Baseline;19;-4.882026;-3.793386;244.4713;Box37;1.231;-5.541046;-3.794021;229.8229;0.8957171;null;-3.988001;0.3;5/12/2020 10:49:37 AM;00:00:08.3066282;0.008309951;3
1;341;1;Baseline;19;-4.863065;-3.792628;245.5476;Box37;1.217;-5.528274;-3.778279;230.2234;0.9026324;null;-3.988001;0.3;5/12/2020 10:49:37 AM;00:00:08.3169870;0.008320484;3
1;341;1;Baseline;19;-4.786915;-3.770017;246.0888;Box37;1.151;-5.522207;-3.770395;230.515;0.9444391;null;-3.988001;0.3;5/12/2020 10:49:37 AM;00:00:08.3272566;0.008330819;3
1;341;1;Baseline;19;-4.777833;-3.769813;246.3164;Box37;1.144;-5.516225;-3.763306;230.6457;0.8975331;null;-3.988001;0.3;5/12/2020 10:49:38 AM;00:00:08.3409561;0.008341079;3
1;341;1;Baseline;19;-4.77249;-3.771988;247.006;Box37;1.142;-5.509556;-3.755944;230.8648;0.9682705;null;-3.988001;0.3;5/12/2020 10:49:38 AM;00:00:08.3513444;0.008354795;3
1;341;1;Baseline;19;-4.763542;-3.773212;248.2539;Box37;1.136;-5.503033;-3.748826;231.185;0.7038758;null;-3.988001;0.3;5/12/2020 10:49:38 AM;00:00:08.3616833;0.008365135;3
1;341;1;Baseline;19;-4.818749;-3.797725;250.18;Box39;1.260;-5.496618;-3.74184;231.5397;0.9172983;null;-3.728001;0.3;5/12/2020 10:49:38 AM;00:00:08.3718544;0.008375497;3
1;341;1;Baseline;19;-4.809857;-3.798498;251.8653;Box39;1.252;-5.489687;-3.734614;231.9477;0.9663323;null;-3.728001;0.3;5/12/2020 10:49:38 AM;00:00:08.3821114;0.008385707;3
1;341;1;Baseline;19;-4.80205;-3.799243;252.9892;Box39;1.246;-5.482509;-3.727694;232.3;0.9765019;null;-3.728001;0.3;5/12/2020 10:49:38 AM;00:00:08.3959686;0.008395956;3
1;341;1;Baseline;19;-4.794622;-3.800276;253.5789;Box39;1.240;-5.475066;-3.720688;232.6731;0.9973031;null;-3.728001;0.3;5/12/2020 10:49:38 AM;00:00:08.4061962;0.008409796;3
1;341;1;Baseline;19;-4.786013;-3.800309;254.2963;Box32;0.634;-5.467391;-3.713681;233.0699;0.7509231;null;-4.500001;0.3;5/12/2020 10:49:38 AM;00:00:08.4162844;0.008420053;3
1;341;1;Baseline;19;-4.778575;-3.800579;255.0887;Box32;0.631;-5.459821;-3.706578;233.5141;1.011977;null;-4.500001;0.3;5/12/2020 10:49:38 AM;00:00:08.4265108;0.008430085;3
1;341;1;Baseline;19;-4.77127;-3.800627;255.7951;Box32;0.628;-5.451337;-3.699764;234.0913;1.084689;null;-4.500001;0.3;5/12/2020 10:49:38 AM;00:00:08.4488722;0.008440292;3
1;341;1;Baseline;19;-4.763904;-3.800345;256.3968;Box32;0.625;-5.443837;-3.692844;234.587;0.9997998;null;-4.500001;0.3;5/12/2020 10:49:38 AM;00:00:08.4595253;0.008462628;3
1;341;1;Baseline;19;-4.76155;-3.777654;254.413;Box32;0.634;-5.428075;-3.679816;235.4301;0.9154829;null;-4.500001;0.3;5/12/2020 10:49:38 AM;00:00:08.4706578;0.008473299;3
1;341;1;Baseline;19;-4.755996;-3.777578;252.148;Box39;1.200;-5.420554;-3.673652;235.822;0.9113927;null;-3.728001;0.3;5/12/2020 10:49:38 AM;00:00:08.4817898;0.008484487;3
1;341;1;Baseline;19;-4.748934;-3.777886;253.4311;Box39;1.194;-5.412692;-3.667629;236.239;0.8851819;null;-3.728001;0.3;5/12/2020 10:49:38 AM;00:00:08.4930222;0.008495597;3
1;341;1;Baseline;19;-4.741929;-3.778668;255.4651;Box39;1.188;-5.404836;-3.661603;236.6164;0.8911743;null;-3.728001;0.3;5/12/2020 10:49:38 AM;00:00:08.5067606;0.008506836;3
1;341;1;Baseline;19;-4.733783;-3.777769;256.3719;Box32;0.623;-5.397319;-3.655833;236.9882;0.8431314;null;-4.500001;0.3;5/12/2020 10:49:38 AM;00:00:08.5169713;0.008520602;3
1;341;1;Baseline;19;-4.728162;-3.773242;256.4872;Box32;0.623;-5.389842;-3.650105;237.3317;0.6842363;null;-4.500001;0.3;5/12/2020 10:49:38 AM;00:00:08.5272989;0.008530822;3
1;341;1;Baseline;19;-4.723235;-3.769551;255.9298;Box32;0.623;-5.382234;-3.644529;237.6424;0.9230051;null;-4.500001;0.3;5/12/2020 10:49:38 AM;00:00:08.5376614;0.008541106;3
1;341;1;Baseline;19;-4.716685;-3.766705;254.4902;Box32;0.622;-5.37473;-3.639112;237.8986;0.8998909;null;-4.500001;0.3;5/12/2020 10:49:38 AM;00:00:08.5517146;0.008551477;3
1;341;1;Baseline;19;-4.711519;-3.761991;252.279;Box39;1.157;-5.367193;-3.633621;238.2091;0.8990808;null;-3.728001;0.3;5/12/2020 10:49:38 AM;00:00:08.5620396;0.008565557;3
1;341;1;Baseline;19;-4.706018;-3.757188;250.1433;Box39;1.151;-5.359583;-3.628338;238.5279;0.6579623;null;-3.728001;0.3;5/12/2020 10:49:38 AM;00:00:08.5723086;0.008575873;3
1;341;1;Baseline;19;-4.698956;-3.7553;249.1201;Box39;1.144;-5.352164;-3.622781;238.8195;0.8985551;null;-3.728001;0.3;5/12/2020 10:49:38 AM;00:00:08.5829254;0.008586168;3
1;341;1;Baseline;19;-4.690853;-3.753238;249.1439;Box39;1.137;-5.344127;-3.617717;239.0505;0.9227365;null;-3.728001;0.3;5/12/2020 10:49:38 AM;00:00:08.6022998;0.008596763;3
1;341;1;Baseline;19;-4.684826;-3.750988;249.1479;Box39;1.131;-5.336264;-3.612703;239.2517;0.8801727;null;-3.728001;0.3;5/12/2020 10:49:38 AM;00:00:08.6162978;0.008616025;3
1;341;1;Baseline;19;-4.677915;-3.747499;248.5297;Box39;1.124;-5.328418;-3.607711;239.4194;0.4828066;null;-3.728001;0.3;5/12/2020 10:49:38 AM;00:00:08.6270857;0.008630134;3
1;341;1;Baseline;19;-4.667714;-3.734922;243.0784;Box39;1.112;-5.312314;-3.598556;239.8299;1.312951;null;-3.728001;0.3;5/12/2020 10:49:38 AM;00:00:08.6382182;0.008640829;3
1;341;1;Baseline;19;-4.662719;-3.728494;239.9049;Box37;1.043;-5.30437;-3.593829;239.9753;0.8643284;null;-3.988001;0.3;5/12/2020 10:49:38 AM;00:00:08.6493552;0.008652026;3
1;341;1;Baseline;19;-4.656421;-3.723748;238.0718;Box37;1.036;-5.296131;-3.589513;240.0951;0.830686;null;-3.988001;0.3;5/12/2020 10:49:38 AM;00:00:08.6631390;0.008663167;3
1;341;1;Baseline;19;-4.648433;-3.718664;237.6362;Box37;1.028;-5.287899;-3.585259;240.1989;0.8315955;null;-3.988001;0.3;5/12/2020 10:49:38 AM;00:00:08.6733961;0.008676982;3
1;341;1;Baseline;19;-4.6418;-3.712591;237.4463;Box37;1.020;-5.279423;-3.581285;240.2096;0.6776809;null;-3.988001;0.3;5/12/2020 10:49:38 AM;00:00:08.6837132;0.008687241;3
1;341;1;Baseline;19;-4.635076;-3.706147;236.0387;Box37;1.012;-5.270381;-3.577643;240.225;0.9501289;null;-3.988001;0.3;5/12/2020 10:49:38 AM;00:00:08.6941674;0.008697551;3
1;341;1;Baseline;19;-4.627094;-3.698622;234.3329;Box37;1.002;-5.261198;-3.573289;240.2803;0.9857299;null;-3.988001;0.3;5/12/2020 10:49:38 AM;00:00:08.7052690;0.008707975;3
1;341;1;Baseline;19;-4.618579;-3.693312;233.953;Box37;0.994;-5.251995;-3.569926;240.3191;0.9400192;null;-3.988001;0.3;5/12/2020 10:49:38 AM;00:00:08.7190142;0.00871906;3
1;341;1;Baseline;19;-4.610839;-3.686526;232.7319;Box37;0.985;-5.242597;-3.56649;240.4191;0.9027092;null;-3.988001;0.3;5/12/2020 10:49:38 AM;00:00:08.7294853;0.008732869;3
1;341;1;Baseline;19;-4.603583;-3.676121;230.6957;Box37;0.974;-5.233015;-3.562982;240.5601;0.7389528;null;-3.988001;0.3;5/12/2020 10:49:38 AM;00:00:08.7400306;0.008743345;3
1;341;1;Baseline;19;-4.597115;-3.667082;228.7902;Box37;0.965;-5.223322;-3.559881;240.759;0.9714469;null;-3.988001;0.3;5/12/2020 10:49:38 AM;00:00:08.7593844;0.008753872;3
1;341;1;Baseline;19;-4.589439;-3.658791;227.3663;Box37;0.955;-5.213248;-3.5569;240.982;0.9980506;null;-3.988001;0.3;5/12/2020 10:49:38 AM;00:00:08.7733729;0.008773094;3
1;341;1;Baseline;19;-4.58096;-3.650346;226.6408;Box37;0.945;-5.203387;-3.553917;241.1539;0.5359353;null;-3.988001;0.3;5/12/2020 10:49:38 AM;00:00:08.7835704;0.008787227;3
1;341;1;Baseline;19;-4.565146;-3.633079;226.087;Box37;0.926;-5.182269;-3.549158;241.4305;1.53167;null;-3.988001;0.3;5/12/2020 10:49:38 AM;00:00:08.7945970;0.008797417;3
1;341;1;Baseline;19;-4.557287;-3.624103;225.2476;Box37;0.916;-5.171854;-3.546806;241.5766;1.047729;null;-3.988001;0.3;5/12/2020 10:49:38 AM;00:00:08.8057813;0.008808382;3
1;341;1;Baseline;19;-4.549718;-3.614121;223.7446;Box37;0.905;-5.16116;-3.544519;241.7024;0.9974087;null;-3.988001;0.3;5/12/2020 10:49:38 AM;00:00:08.8197690;0.008819574;3
1;341;1;Baseline;19;-4.541428;-3.604715;222.5077;Box37;0.895;-5.150084;-3.542515;241.833;1.005766;null;-3.988001;0.3;5/12/2020 10:49:38 AM;00:00:08.8303084;0.008833492;3
1;341;1;Baseline;19;-4.533569;-3.594698;221.4867;Box37;0.885;-5.138981;-3.540706;241.9815;0.8082492;null;-3.988001;0.3;5/12/2020 10:49:38 AM;00:00:08.8405130;0.008844144;3
1;341;1;Baseline;19;-4.525436;-3.585186;220.3109;Box37;0.874;-5.127495;-3.53874;242.1452;1.094051;null;-3.988001;0.3;5/12/2020 10:49:38 AM;00:00:08.8507908;0.00885455;3
1;341;1;Baseline;19;-4.516389;-3.576503;219.5839;Box37;0.864;-5.115835;-3.537237;242.4157;1.129744;null;-3.988001;0.3;5/12/2020 10:49:38 AM;00:00:08.8616286;0.00886464;3
1;341;1;Baseline;19;-4.507441;-3.567558;219.101;Box37;0.854;-5.104846;-3.535496;242.6365;1.102642;null;-3.988001;0.3;5/12/2020 10:49:38 AM;00:00:08.8756946;0.008875449;3
1;341;1;Baseline;19;-4.498863;-3.558495;218.02;Box37;0.844;-5.092784;-3.534079;242.8699;1.123661;null;-3.988001;0.3;5/12/2020 10:49:38 AM;00:00:08.8859594;0.00888945;3
1;341;1;Baseline;19;-4.491128;-3.549209;216.4589;Box37;0.834;-5.080877;-3.53294;243.1151;0.8543291;null;-3.988001;0.3;5/12/2020 10:49:38 AM;00:00:08.8965986;0.008899815;3
1;341;1;Baseline;19;-4.483489;-3.540235;214.8719;Box37;0.825;-5.069101;-3.531397;243.3723;1.145775;null;-3.988001;0.3;5/12/2020 10:49:38 AM;00:00:08.9070118;0.008910636;3
1;341;1;Baseline;19;-4.47655;-3.53237;212.9172;Box37;0.817;-5.056939;-3.529935;243.6268;1.131945;null;-3.988001;0.3;5/12/2020 10:49:38 AM;00:00:08.9209341;0.008920861;3
1;341;1;Baseline;19;-4.469225;-3.524719;211.4394;Box37;0.808;-5.044362;-3.52863;243.9132;1.236681;null;-3.988001;0.3;5/12/2020 10:49:38 AM;00:00:08.9313658;0.00893466;3
1;341;1;Baseline;19;-4.462478;-3.51771;210.1849;Box37;0.801;-5.032198;-3.527197;244.2875;0.8876402;null;-3.988001;0.3;5/12/2020 10:49:38 AM;00:00:08.9417860;0.008945217;3
1;341;1;Baseline;19;-4.455166;-3.511397;209.0242;Box37;0.793;-5.019658;-3.526343;244.7041;1.190542;null;-3.988001;0.3;5/12/2020 10:49:38 AM;00:00:08.9519101;0.008955626;3
1;341;1;Baseline;19;-4.448571;-3.505185;207.8279;Box37;0.786;-5.007733;-3.526078;245.0523;1.145957;null;-3.988001;0.3;5/12/2020 10:49:38 AM;00:00:08.9658988;0.008965948;3
1;341;1;Baseline;19;-4.442471;-3.50004;206.8313;Box37;0.780;-4.997254;-3.526177;245.3079;1.015197;null;-3.988001;0.3;5/12/2020 10:49:38 AM;00:00:08.9763090;0.008979608;3
1;341;1;Baseline;19;-4.43642;-3.49451;205.9927;Box37;0.774;-4.986346;-3.526055;245.4941;0.7986069;null;-3.988001;0.3;5/12/2020 10:49:38 AM;00:00:08.9867148;0.00899014;3
1;341;1;Baseline;19;-4.431596;-3.48982;205.2943;Box37;0.769;-4.9769;-3.52671;245.447;0.899141;null;-3.988001;0.3;5/12/2020 10:49:38 AM;00:00:08.9971096;0.009000557;3
1;341;1;Baseline;19;-4.426182;-3.485141;204.9055;Box37;0.763;-4.967932;-3.527482;245.1927;0.8640022;null;-3.988001;0.3;5/12/2020 10:49:38 AM;00:00:09.0110501;0.009010946;3
1;341;1;Baseline;19;-4.418839;-3.481344;204.9007;Box37;0.757;-4.95821;-3.527722;244.9649;0.9361333;null;-3.988001;0.3;5/12/2020 10:49:38 AM;00:00:09.0214329;0.009024822;3
1;341;1;Baseline;19;-4.410361;-3.476887;205.1066;Box37;0.750;-4.950302;-3.528581;244.4087;0.5732344;null;-3.988001;0.3;5/12/2020 10:49:38 AM;00:00:09.0319553;0.009035271;3
1;341;1;Baseline;19;-4.401906;-3.473656;205.859;Box37;0.744;-4.942337;-3.529148;244.0299;0.7642255;null;-3.988001;0.3;5/12/2020 10:49:38 AM;00:00:09.0429333;0.009045818;3
1;341;1;Baseline;19;-4.396213;-3.469482;204.9154;Box37;0.739;-4.934462;-3.529623;243.3788;0.7480522;null;-3.988001;0.3;5/12/2020 10:49:38 AM;00:00:09.0536998;0.009056756;3
1;341;1;Baseline;19;-4.379693;-3.472417;205.8637;Box37;0.731;-4.926593;-3.530194;242.6253;0.7211974;null;-3.988001;0.3;5/12/2020 10:49:38 AM;00:00:09.0680444;0.009067531;3
1;341;1;Baseline;19;-4.366001;-3.476871;209.7377;Box37;0.726;-4.919082;-3.530735;241.8783;0.6989114;null;-3.988001;0.3;5/12/2020 10:49:38 AM;00:00:09.0785373;0.009081842;3
1;341;1;Baseline;19;-4.358386;-3.473917;210.759;Box37;0.721;-4.911292;-3.531116;241.232;0.5450168;null;-3.988001;0.3;5/12/2020 10:49:38 AM;00:00:09.0900093;0.009092376;3
1;341;1;Baseline;19;-4.354486;-3.467669;208.0221;Box37;0.716;-4.903004;-3.531378;240.6611;0.7871769;null;-3.988001;0.3;5/12/2020 10:49:38 AM;00:00:09.1008309;0.009103824;3
1;341;1;Baseline;19;-4.348243;-3.463486;205.1886;Box37;0.710;-4.895197;-3.531412;240.1481;0.6818985;null;-3.988001;0.3;5/12/2020 10:49:38 AM;00:00:09.1147826;0.009114664;3
1;341;1;Baseline;19;-4.339417;-3.461127;203.718;Box37;0.705;-4.887538;-3.531313;239.786;0.7066571;null;-3.988001;0.3;5/12/2020 10:49:38 AM;00:00:09.1253657;0.009128542;3
1;341;1;Baseline;19;-4.330107;-3.459868;203.1823;Box37;0.700;-4.879543;-3.530988;239.5081;0.5766338;null;-3.988001;0.3;5/12/2020 10:49:38 AM;00:00:09.1358496;0.009139189;3
1;341;1;Baseline;19;-4.318895;-3.461388;204.1077;Box37;0.695;-4.871809;-3.530545;239.2487;0.7274967;null;-3.988001;0.3;5/12/2020 10:49:38 AM;00:00:09.1463486;0.009149692;3
1;341;1;Baseline;19;-4.306409;-3.463593;205.782;Box37;0.690;-4.864059;-3.530256;238.952;0.7384161;null;-3.988001;0.3;5/12/2020 10:49:38 AM;00:00:09.1603157;0.009160167;3
1;341;1;Baseline;19;-4.294589;-3.463448;206.9243;Box37;0.685;-4.856065;-3.529831;238.6951;0.7642278;null;-3.988001;0.3;5/12/2020 10:49:38 AM;00:00:09.1708309;0.00917416;3
1;341;1;Baseline;19;-4.281754;-3.464214;208.9347;Box37;0.680;-4.848357;-3.528993;238.4881;0.5540961;null;-3.988001;0.3;5/12/2020 10:49:38 AM;00:00:09.1813568;0.009184672;3
1;341;1;Baseline;19;-4.269391;-3.46546;210.2076;Box37;0.675;-4.84113;-3.528162;238.3263;0.6920279;null;-3.988001;0.3;5/12/2020 10:49:38 AM;00:00:09.1919002;0.009195175;3
1;341;1;Baseline;19;-4.256557;-3.468674;212.7624;Box37;0.671;-4.833117;-3.527429;238.1563;0.7661704;null;-3.988001;0.3;5/12/2020 10:49:38 AM;00:00:09.2058626;0.009205732;3
1;341;1;Baseline;19;-4.24568;-3.46765;214.2387;Box37;0.667;-4.825431;-3.526129;238.0755;0.7383856;null;-3.988001;0.3;5/12/2020 10:49:38 AM;00:00:09.2165840;0.009219704;3
1;341;1;Baseline;19;-4.23418;-3.466813;214.3277;Box37;0.662;-4.817734;-3.524587;238.0282;0.5618183;null;-3.988001;0.3;5/12/2020 10:49:38 AM;00:00:09.2271129;0.009230434;3
1;341;1;Baseline;19;-4.221351;-3.468911;215.0754;Box37;0.658;-4.809811;-3.522947;238.0097;0.7540793;null;-3.988001;0.3;5/12/2020 10:49:38 AM;00:00:09.2376128;0.009240965;3
1;341;1;Baseline;19;-4.208249;-3.469869;216.0932;Box37;0.654;-4.80182;-3.521014;237.9847;0.7806354;null;-3.988001;0.3;5/12/2020 10:49:38 AM;00:00:09.2514981;0.009251452;3
1;341;1;Baseline;19;-4.195134;-3.471432;216.6554;Box37;0.651;-4.794107;-3.518831;238.0309;0.7643446;null;-3.988001;0.3;5/12/2020 10:49:38 AM;00:00:09.2620906;0.009265314;3
1;341;1;Baseline;19;-4.169495;-3.475478;217.9319;Box37;0.645;-4.777951;-3.513875;238.0736;1.219148;null;-3.988001;0.3;5/12/2020 10:49:38 AM;00:00:09.2726449;0.009275931;3
1;341;1;Baseline;19;-4.169495;-3.475478;217.9319;Box37;0.645;-4.777951;-3.513875;238.0736;0;null;-3.988001;0.3;5/12/2020 10:49:38 AM;00:00:09.2832438;0.009286503;3
1;341;1;Baseline;19;-4.156031;-3.478223;219.5212;Box37;0.643;-4.770212;-3.511275;238.0413;0.7722403;null;-3.988001;0.3;5/12/2020 10:49:38 AM;00:00:09.2970769;0.00929705;3
1;341;1;Baseline;19;-4.142252;-3.481228;221.6031;Box37;0.642;-4.761878;-3.508683;238;0.8275567;null;-3.988001;0.3;5/12/2020 10:49:38 AM;00:00:09.3084585;0.009310814;3
1;341;1;Baseline;19;-4.115302;-3.487937;226.3131;Box39;0.637;-4.745918;-3.501602;237.9526;1.268554;null;-3.728001;0.3;5/12/2020 10:49:38 AM;00:00:09.3195545;0.009322258;3
1;341;1;Baseline;19;-4.101694;-3.492216;228.4679;Box39;0.629;-4.73768;-3.497624;237.9907;0.7993337;null;-3.728001;0.3;5/12/2020 10:49:39 AM;00:00:09.3308178;0.009333381;3
1;341;1;Baseline;19;-4.102477;-3.484452;230.2695;Box39;0.629;-4.72945;-3.493303;238.0606;0.8356575;null;-3.728001;0.3;5/12/2020 10:49:39 AM;00:00:09.3445774;0.009344661;3
1;341;1;Baseline;19;-4.099144;-3.47314;222.8049;Box39;0.625;-4.721298;-3.489113;238.1465;0.8125955;null;-3.728001;0.3;5/12/2020 10:49:39 AM;00:00:09.3553345;0.009358402;3
1;341;1;Baseline;19;-4.104774;-3.461701;214.7506;Box37;0.622;-4.713309;-3.484177;238.3003;0.6833739;null;-3.988001;0.3;5/12/2020 10:49:39 AM;00:00:09.3657908;0.009369178;3
1;341;1;Baseline;19;-4.115328;-3.470728;213.3072;Box37;0.630;-4.705324;-3.479322;238.4451;0.867328;null;-3.988001;0.3;5/12/2020 10:49:39 AM;00:00:09.3760218;0.009379621;3
1;341;1;Baseline;19;-4.09873;-3.46928;214.9235;Box39;0.625;-4.697684;-3.473821;238.6488;0.9014593;null;-3.728001;0.3;5/12/2020 10:49:39 AM;00:00:09.3898952;0.009389834;3
1;341;1;Baseline;19;-4.085748;-3.47188;218.5399;Box39;0.618;-4.690144;-3.46825;238.8767;0.9180136;null;-3.728001;0.3;5/12/2020 10:49:39 AM;00:00:09.4009412;0.009403682;3
1;341;1;Baseline;19;-4.075651;-3.474604;220.1821;Box39;0.612;-4.682184;-3.462853;238.9915;0.6944221;null;-3.728001;0.3;5/12/2020 10:49:39 AM;00:00:09.4112200;0.009414788;3
1;341;1;Baseline;19;-4.072168;-3.465822;218.7898;Box39;0.609;-4.674272;-3.457386;238.918;0.8659503;null;-3.728001;0.3;5/12/2020 10:49:39 AM;00:00:09.4216032;0.009425059;3
1;341;1;Baseline;19;-4.068864;-3.45987;216.2145;Box39;0.607;-4.665901;-3.451573;238.8231;0.9922681;null;-3.728001;0.3;5/12/2020 10:49:39 AM;00:00:09.4357646;0.009435436;3
1;341;1;Baseline;19;-4.061853;-3.458579;213.7458;Box39;0.603;-4.657757;-3.445614;238.7747;0.9724453;null;-3.728001;0.3;5/12/2020 10:49:39 AM;00:00:09.4462470;0.009449578;3
1;341;1;Baseline;19;-4.053071;-3.454837;214.5403;Box39;0.598;-4.649187;-3.438588;238.7948;0.7836698;null;-3.728001;0.3;5/12/2020 10:49:39 AM;00:00:09.4567324;0.009460085;3
1;341;1;Baseline;19;-4.047666;-3.45015;215.3234;Box39;0.595;-4.640737;-3.432046;238.8647;1.016997;null;-3.728001;0.3;5/12/2020 10:49:39 AM;00:00:09.4672166;0.009470562;3
1;341;1;Baseline;19;-4.040867;-3.444571;215.0724;Box39;0.591;-4.632215;-3.424514;238.9389;1.085598;null;-3.728001;0.3;5/12/2020 10:49:39 AM;00:00:09.4810794;0.009481042;3
1;341;1;Baseline;19;-4.033413;-3.440095;216.0103;Box39;0.586;-4.623291;-3.416959;238.9738;1.115673;null;-3.728001;0.3;5/12/2020 10:49:39 AM;00:00:09.4915261;0.009494904;3
1;341;1;Baseline;19;-4.02707;-3.435354;216.5899;Box39;0.583;-4.614361;-3.40991;239.0323;0.8206934;null;-3.728001;0.3;5/12/2020 10:49:39 AM;00:00:09.5019322;0.009505348;3
1;341;1;Baseline;19;-4.021571;-3.428497;216.8303;Box39;0.580;-4.605865;-3.401745;239.2827;1.128261;null;-3.728001;0.3;5/12/2020 10:49:39 AM;00:00:09.5124129;0.009515772;3
1;341;1;Baseline;19;-4.016189;-3.422967;217.1092;Box39;0.577;-4.597409;-3.394278;239.532;1.082298;null;-3.728001;0.3;5/12/2020 10:49:39 AM;00:00:09.5264716;0.009526239;3
1;341;1;Baseline;19;-4.011204;-3.417076;217.4974;Box39;0.575;-4.589588;-3.386781;239.7596;1.034981;null;-3.728001;0.3;5/12/2020 10:49:39 AM;00:00:09.5468670;0.009540286;3
1;341;1;Baseline;19;-4.003462;-3.409703;218.2268;Box39;0.571;-4.581895;-3.379055;239.8278;0.7761745;null;-3.728001;0.3;5/12/2020 10:49:39 AM;00:00:09.5577889;0.009560536;3
1;341;1;Baseline;19;-3.988387;-3.393522;220.2459;Box39;0.564;-4.565773;-3.365081;239.8906;1.05361;null;-3.728001;0.3;5/12/2020 10:49:39 AM;00:00:09.5684654;0.009571609;3
1;341;1;Baseline;19;-3.980084;-3.383843;220.1291;Box39;0.561;-4.557996;-3.357739;239.8592;0.9657845;null;-3.728001;0.3;5/12/2020 10:49:39 AM;00:00:09.5824516;0.009582268;3
1;341;1;Baseline;19;-3.968791;-3.38813;220.2738;Box39;0.556;-4.549708;-3.351738;239.6568;0.9599606;null;-3.728001;0.3;5/12/2020 10:49:39 AM;00:00:09.5930561;0.009596276;3
1;341;1;Baseline;19;-3.960876;-3.383939;220.6499;Box39;0.552;-4.541309;-3.346213;239.3401;0.7176979;null;-3.728001;0.3;5/12/2020 10:49:39 AM;00:00:09.6035312;0.009606878;3
1;341;1;Baseline;19;-3.963378;-3.401853;223.6238;Box39;0.553;-4.533024;-3.339959;239.3013;0.9790952;null;-3.728001;0.3;5/12/2020 10:49:39 AM;00:00:09.6144036;0.009617343;3
1;341;1;Baseline;19;-3.971975;-3.395691;221.7822;Box39;0.557;-4.524497;-3.333861;239.5932;1.001858;null;-3.728001;0.3;5/12/2020 10:49:39 AM;00:00:09.6283885;0.009628233;3
1;341;1;Baseline;19;-3.969482;-3.391299;220.2058;Box39;0.556;-4.516858;-3.328035;239.7822;0.8821853;null;-3.728001;0.3;5/12/2020 10:49:39 AM;00:00:09.6389588;0.009642188;3
1;341;1;Baseline;19;-3.976224;-3.366058;217.9498;Box39;0.560;-4.50958;-3.321787;239.9063;0.6873538;null;-3.728001;0.3;5/12/2020 10:49:39 AM;00:00:09.6497310;0.009652768;3
1;341;1;Baseline;19;-4.001606;-3.367223;216.5373;Box37;0.562;-4.501781;-3.316872;239.8995;0.8713549;null;-3.988001;0.3;5/12/2020 10:49:39 AM;00:00:09.6602322;0.009663588;3
1;341;1;Baseline;19;-4.000797;-3.362161;214.9682;Box37;0.560;-4.493998;-3.312689;239.7245;0.8166151;null;-3.988001;0.3;5/12/2020 10:49:39 AM;00:00:09.6742368;0.009674049;3
1;341;1;Baseline;19;-3.998317;-3.358321;214.6362;Box37;0.558;-4.485984;-3.308544;239.516;0.8624775;null;-3.988001;0.3;5/12/2020 10:49:39 AM;00:00:09.6849068;0.009688068;3
1;341;1;Baseline;19;-3.985238;-3.329948;215.8422;Box37;0.546;-4.47778;-3.304468;239.4686;0.6534622;null;-3.988001;0.3;5/12/2020 10:49:39 AM;00:00:09.7042633;0.009698744;3
1;341;1;Baseline;19;-3.986581;-3.324869;216.5591;Box37;0.544;-4.46962;-3.301252;239.4338;0.8215756;null;-3.988001;0.3;5/12/2020 10:49:39 AM;00:00:09.7182753;0.00971797;3
1;341;1;Baseline;19;-3.967218;-3.294806;218.3485;Box37;0.533;-4.452677;-3.293312;239.3135;0.9732037;null;-3.988001;0.3;5/12/2020 10:49:39 AM;00:00:09.7286840;0.009732112;3
1;341;1;Baseline;19;-3.966042;-3.28989;219.9065;Box37;0.532;-4.444188;-3.289912;239.3945;0.6466613;null;-3.988001;0.3;5/12/2020 10:49:39 AM;00:00:09.7393393;0.009742538;3
1;341;1;Baseline;19;-3.966452;-3.2827;220.9122;Box37;0.529;-4.435764;-3.28637;239.5544;0.8764424;null;-3.988001;0.3;5/12/2020 10:49:39 AM;00:00:09.7500188;0.009753169;3
1;341;1;Baseline;19;-3.956254;-3.26446;219.943;Box37;0.524;-4.427518;-3.283321;239.817;0.8269653;null;-3.988001;0.3;5/12/2020 10:49:39 AM;00:00:09.7641761;0.009763854;3
1;341;1;Baseline;19;-3.955447;-3.256834;219.71;Box37;0.522;-4.420427;-3.280423;239.951;0.7169489;null;-3.988001;0.3;5/12/2020 10:49:39 AM;00:00:09.7747117;0.009777913;3
1;341;1;Baseline;19;-3.954628;-3.251263;220.3995;Box37;0.521;-4.413887;-3.277557;239.8607;0.5079125;null;-3.988001;0.3;5/12/2020 10:49:39 AM;00:00:09.7851253;0.009788562;3
1;341;1;Baseline;19;-3.950668;-3.24033;222.448;Box37;0.518;-4.407536;-3.274895;239.5642;0.6467156;null;-3.988001;0.3;5/12/2020 10:49:39 AM;00:00:09.7956810;0.009799143;3
1;341;1;Baseline;19;-3.950857;-3.231927;222.6909;Box37;0.516;-4.401371;-3.27224;239.2822;0.6342696;null;-3.988001;0.3;5/12/2020 10:49:39 AM;00:00:09.8100425;0.009809516;3
1;341;1;Baseline;19;-3.951205;-3.223374;221.6932;Box37;0.514;-4.395016;-3.269404;238.9074;0.6709645;null;-3.988001;0.3;5/12/2020 10:49:39 AM;00:00:09.8207314;0.009823674;3
1;341;1;Baseline;19;-3.949014;-3.203654;217.6008;Box37;0.510;-4.381739;-3.264119;238.4297;1.009297;null;-3.988001;0.3;5/12/2020 10:49:39 AM;00:00:09.8315862;0.009834555;3
1;341;1;Baseline;19;-3.949014;-3.203654;217.6008;Box37;0.510;-4.381739;-3.264119;238.4297;0;null;-3.988001;0.3;5/12/2020 10:49:39 AM;00:00:09.8424208;0.009845422;3
1;341;1;Baseline;19;-3.951497;-3.194267;214.3086;Box37;0.508;-4.375466;-3.261215;238.2173;0.6360877;null;-3.988001;0.3;5/12/2020 10:49:39 AM;00:00:09.8565394;0.009856257;3
1;341;1;Baseline;19;-3.953401;-3.183882;212.0451;Box37;0.507;-4.36938;-3.258555;237.9996;0.6130022;null;-3.988001;0.3;5/12/2020 10:49:39 AM;00:00:09.8671353;0.009870383;3
1;341;1;Baseline;19;-3.959249;-3.164175;207.33;Box37;0.504;-4.356845;-3.252703;237.5184;0.9792833;null;-3.988001;0.3;5/12/2020 10:49:39 AM;00:00:09.8782054;0.009880978;3
1;341;1;Baseline;19;-3.958042;-3.153556;205.7825;Box37;0.503;-4.350959;-3.250249;237.2161;0.6019146;null;-3.988001;0.3;5/12/2020 10:49:39 AM;00:00:09.8892917;0.009891916;3
1;341;1;Baseline;19;-3.958667;-3.145272;204.68;Box37;0.502;-4.344856;-3.248;236.7991;0.5945799;null;-3.988001;0.3;5/12/2020 10:49:39 AM;00:00:09.9033618;0.00990311;3
1;341;1;Baseline;19;-3.959308;-3.137097;203.9957;Box37;0.502;-4.339165;-3.246174;236.3074;0.534017;Box37;-3.988001;0.3;5/12/2020 10:49:39 AM;00:00:09.9139532;0.009917209;3
1;341;1;Baseline;19;-3.953417;-3.127938;204.5149;Box37;0.502;-4.333675;-3.244843;235.7173;0.4006058;Box37;-3.988001;0.3;5/12/2020 10:49:39 AM;00:00:09.9245356;0.0099278;3
1;341;1;Baseline;19;-3.949714;-3.121411;206.0554;Box37;0.502;-4.328557;-3.243626;235.0394;0.4967071;Box37;-3.988001;0.3;5/12/2020 10:49:39 AM;00:00:09.9352097;0.009938374;3
1;341;1;Baseline;19;-3.944617;-3.116049;208.5248;Box37;0.502;-4.323391;-3.242118;234.3529;0.5089735;Box37;-3.988001;0.3;5/12/2020 10:49:39 AM;00:00:09.9494373;0.00994906;3
1;341;1;Baseline;19;-3.934725;-3.107171;211.5089;Box37;0.503;-4.318222;-3.241264;233.6472;0.4903145;Box37;-3.988001;0.3;5/12/2020 10:49:39 AM;00:00:09.9602132;0.009963269;3
1;341;1;Baseline;19;-3.929655;-3.100969;213.9819;Box37;0.503;-4.313131;-3.240493;232.9906;0.3623601;Box37;-3.988001;0.3;5/12/2020 10:49:39 AM;00:00:09.9708504;0.009974058;3
1;341;1;Baseline;19;-3.92496;-3.095176;216.3213;Box37;0.504;-4.308446;-3.239233;232.4925;0.4496881;Box37;-3.988001;0.3;5/12/2020 10:49:39 AM;00:00:09.9814237;0.00998468;3
1;341;1;Baseline;19;-3.917746;-3.086145;217.0701;Box37;0.505;-4.303184;-3.23852;232.1552;0.4998685;Box37;-3.988001;0.3;5/12/2020 10:49:39 AM;00:00:09.9958806;0.00999528;3
1;341;1;Baseline;19;-3.915316;-3.080147;217.3057;Box37;0.506;-4.29872;-3.237684;231.7777;0.428502;Box37;-3.988001;0.3;5/12/2020 10:49:39 AM;00:00:10.0153674;0.01000965;3
1;341;1;Baseline;19;-3.91524;-3.075248;214.6319;Box37;0.506;-4.294561;-3.236892;231.433;0.2946549;Box37;-3.988001;0.3;5/12/2020 10:49:39 AM;00:00:10.0260574;0.01002911;3
1;341;1;Baseline;19;-3.906483;-3.064032;210.3606;Box37;0.509;-4.286106;-3.236446;230.4085;0.4349861;Box37;-3.988001;0.3;5/12/2020 10:49:39 AM;00:00:10.0367654;0.0100399;3
1;341;1;Baseline;19;-3.902857;-3.059848;209.1261;Box37;0.510;-4.281889;-3.235793;229.7201;0.395636;Box37;-3.988001;0.3;5/12/2020 10:49:39 AM;00:00:10.0512734;0.0100506;3
1;341;1;Baseline;19;-3.89393;-3.055261;208.7257;Box37;0.512;-4.276946;-3.235726;229.1319;0.4619264;Box37;-3.988001;0.3;5/12/2020 10:49:39 AM;00:00:10.0621357;0.01006511;3
1;341;1;Baseline;19;-3.889452;-3.053125;208.2903;Box37;0.513;-4.271966;-3.235171;228.772;0.3454479;Box37;-3.988001;0.3;5/12/2020 10:49:39 AM;00:00:10.0729954;0.01007584;3
1;341;1;Baseline;19;-3.884613;-3.050689;207.8609;Box37;0.514;-4.266949;-3.233447;228.7728;0.4942966;Box37;-3.988001;0.3;5/12/2020 10:49:39 AM;00:00:10.0873825;0.01008683;3
1;341;1;Baseline;19;-3.872782;-3.047174;207.9752;Box37;0.517;-4.262234;-3.23229;228.7135;0.4416913;Box37;-3.988001;0.3;5/12/2020 10:49:39 AM;00:00:10.0988834;0.01010111;3
1;341;1;Baseline;19;-3.867022;-3.044897;208.06;Box37;0.519;-4.259105;-3.231096;228.5206;0.2345468;Box37;-3.988001;0.3;5/12/2020 10:49:39 AM;00:00:10.1101964;0.01011237;3
1;341;1;Baseline;19;-3.862104;-3.042071;208.213;Box37;0.520;-4.256089;-3.229193;228.1456;0.316741;Box37;-3.988001;0.3;5/12/2020 10:49:39 AM;00:00:10.1210341;0.01012403;3
1;341;1;Baseline;19;-3.851554;-3.037234;207.9519;Box37;0.523;-4.252892;-3.228115;227.6807;0.2894027;Box37;-3.988001;0.3;5/12/2020 10:49:39 AM;00:00:10.1351780;0.01013488;3
1;341;1;Baseline;19;-3.847119;-3.034734;207.4347;Box37;0.525;-4.250483;-3.226448;227.0468;0.2699469;Box37;-3.988001;0.3;5/12/2020 10:49:39 AM;00:00:10.1464781;0.01014903;3
1;341;1;Baseline;19;-3.829169;-3.030361;205.7831;Box37;0.531;-4.244623;-3.223111;226.0267;0.4767158;Box37;-3.988001;0.3;5/12/2020 10:49:39 AM;00:00:10.1574558;0.01016028;3
1;341;1;Baseline;19;-3.824583;-3.028224;204.7239;Box37;0.532;-4.241396;-3.221386;225.5238;0.3250626;Box37;-3.988001;0.3;5/12/2020 10:49:39 AM;00:00:10.1685478;0.01017121;3
1;341;1;Baseline;19;-3.819532;-3.026146;203.8708;Box37;0.534;-4.238264;-3.219318;224.8967;0.3433488;Box37;-3.988001;0.3;5/12/2020 10:49:39 AM;00:00:10.1830410;0.01018236;3
1;341;1;Baseline;19;-3.8048;-3.023876;203.5054;Box37;0.539;-4.234989;-3.217634;224.3561;0.3301434;Box37;-3.988001;0.3;5/12/2020 10:49:39 AM;00:00:10.1940941;0.01019683;3
1;341;1;Baseline;19;-3.798137;-3.022304;203.7835;Box37;0.542;-4.23102;-3.215509;223.8163;0.3112171;Box37;-3.988001;0.3;5/12/2020 10:49:39 AM;00:00:10.2047246;0.01020794;3
1;341;1;Baseline;19;-3.79117;-3.020955;204.5474;Box37;0.545;-4.227109;-3.212891;223.3644;0.423692;Box37;-3.988001;0.3;5/12/2020 10:49:39 AM;00:00:10.2154216;0.01021859;3
1;341;1;Baseline;19;-3.776487;-3.018622;204.9045;Box37;0.551;-4.223263;-3.210564;222.9155;0.4219875;Box37;-3.988001;0.3;5/12/2020 10:49:39 AM;00:00:10.2296286;0.01022927;3
1;341;1;Baseline;19;-3.770294;-3.016917;205.3893;Box37;0.553;-4.218867;-3.208147;222.5583;0.4695685;Box37;-3.988001;0.3;5/12/2020 10:49:39 AM;00:00:10.2403586;0.01024344;3
1;341;1;Baseline;19;-3.763772;-3.01523;205.721;Box37;0.556;-4.214764;-3.205821;222.1229;0.3330402;Box37;-3.988001;0.3;5/12/2020 10:49:39 AM;00:00:10.2511278;0.01025418;3
1;341;1;Baseline;19;-3.746895;-3.014333;206.3968;null;0.000;-4.210728;-3.203533;221.6494;0.4319293;Box37;-3.988001;0.3;5/12/2020 10:49:39 AM;00:00:10.2658372;0.01026488;3
1;341;1;Baseline;19;-3.738606;-3.013001;207.5736;null;0.000;-4.206354;-3.201116;221.1742;0.4668933;Box37;-3.988001;0.3;5/12/2020 10:49:39 AM;00:00:10.2768541;0.01027953;3
1;341;1;Baseline;19;-3.730596;-3.011288;208.9067;null;0.000;-4.201707;-3.198394;220.7495;0.3676055;Box37;-3.988001;0.3;5/12/2020 10:49:39 AM;00:00:10.2875940;0.01029071;3
1;341;1;Baseline;19;-3.71449;-3.009803;210.0634;null;0.000;-4.197076;-3.195415;220.3885;0.4927145;Box37;-3.988001;0.3;5/12/2020 10:49:39 AM;00:00:10.2986592;0.01030144;3
1;341;1;Baseline;19;-3.706035;-3.007602;211.334;null;0.000;-4.191954;-3.192213;220.0594;0.5630908;Box37;-3.988001;0.3;5/12/2020 10:49:39 AM;00:00:10.3216988;0.01031248;3
1;341;1;Baseline;19;-3.696653;-3.005636;212.9468;null;0.000;-4.186775;-3.189036;219.7014;0.5501478;Box37;-3.988001;0.3;5/12/2020 10:49:40 AM;00:00:10.3324665;0.01033539;3
1;341;1;Baseline;19;-3.67025;-3.001914;216.4082;null;0.000;-4.1759;-3.181498;219.0853;0.5775718;Box37;-3.988001;0.3;5/12/2020 10:49:40 AM;00:00:10.3433124;0.01034627;3
1;341;1;Baseline;19;-3.661532;-2.999266;217.6268;null;0.000;-4.170157;-3.177422;218.8306;0.6471603;Box37;-3.988001;0.3;5/12/2020 10:49:40 AM;00:00:10.3539814;0.01035716;3
1;341;1;Baseline;19;-3.646133;-2.996905;218.3734;null;0.000;-4.164621;-3.173251;218.5972;0.636716;Box37;-3.988001;0.3;5/12/2020 10:49:40 AM;00:00:10.3683412;0.01036784;3
1;341;1;Baseline;19;-3.637382;-2.993741;218.9812;null;0.000;-4.158335;-3.168712;218.4483;0.7257877;Box37;-3.988001;0.3;5/12/2020 10:49:40 AM;00:00:10.3791634;0.01038217;3
1;341;1;Baseline;19;-3.612494;-2.989681;220.9323;null;0.000;-4.145998;-3.159345;218.2908;1.080692;Box37;-3.988001;0.3;5/12/2020 10:49:40 AM;00:00:10.3899990;0.01039299;3
1;341;1;Baseline;19;-3.612494;-2.989681;220.9323;null;0.000;-4.145998;-3.159345;218.2908;0;Box37;-3.988001;0.3;5/12/2020 10:49:40 AM;00:00:10.4043309;0.01040383;3
1;341;1;Baseline;19;-3.60333;-2.987187;222.1368;null;0.000;-4.139619;-3.154323;218.2288;0.7492597;Box37;-3.988001;0.3;5/12/2020 10:49:40 AM;00:00:10.4169741;0.01041819;3
1;341;1;Baseline;19;-3.579834;-2.982544;224.661;null;0.000;-4.126481;-3.143131;218.4142;1.201976;Box37;-3.988001;0.3;5/12/2020 10:49:40 AM;00:00:10.4280452;0.01043077;3
1;341;1;Baseline;19;-3.571157;-2.979403;225.6289;null;0.000;-4.119758;-3.136988;218.6149;0.7234206;Box37;-3.988001;0.3;5/12/2020 10:49:40 AM;00:00:10.4387770;0.01044188;3
1;341;1;Baseline;19;-3.562572;-2.976392;226.6234;null;0.000;-4.112967;-3.13071;218.8723;0.8326108;Box37;-3.988001;0.3;5/12/2020 10:49:40 AM;00:00:10.4533898;0.01045264;3
1;341;1;Baseline;19;-3.547958;-2.973491;227.7491;null;0.000;-4.106248;-3.12441;219.1185;0.8562543;Box37;-3.988001;0.3;5/12/2020 10:49:40 AM;00:00:10.4644414;0.0104671;3
1;341;1;Baseline;19;-3.539657;-2.969944;229.0151;null;0.000;-4.099524;-3.117251;219.4311;0.6792608;Box37;-3.988001;0.3;5/12/2020 10:49:40 AM;00:00:10.4752058;0.01047826;3
1;341;1;Baseline;19;-3.531617;-2.96645;230.0872;null;0.000;-4.092764;-3.110658;219.6271;0.8458043;Box37;-3.988001;0.3;5/12/2020 10:49:40 AM;00:00:10.4860312;0.01048901;3
1;341;1;Baseline;19;-3.517083;-2.962265;230.9548;null;0.000;-4.085969;-3.103423;219.8513;0.923397;Box37;-3.988001;0.3;5/12/2020 10:49:40 AM;00:00:10.5003006;0.01049983;3
1;341;1;Baseline;19;-3.509581;-2.957079;231.5269;null;0.000;-4.079118;-3.095809;220.078;0.9469867;Box37;-3.988001;0.3;5/12/2020 10:49:40 AM;00:00:10.5111426;0.01051415;3
1;341;1;Baseline;19;-3.498968;-2.951714;232.2083;null;0.000;-4.072801;-3.087914;220.2842;0.7058636;Box37;-3.988001;0.3;5/12/2020 10:49:40 AM;00:00:10.5220190;0.01052498;3
1;341;1;Baseline;19;-3.488366;-2.946598;232.9154;null;0.000;-4.065947;-3.080141;220.5093;0.9569805;Box37;-3.988001;0.3;5/12/2020 10:49:40 AM;00:00:10.5364477;0.01053586;3
1;341;1;Baseline;19;-3.481382;-2.939827;233.2209;null;0.000;-4.059169;-3.071696;220.7034;0.9955885;Box37;-3.988001;0.3;5/12/2020 10:49:40 AM;00:00:10.5475246;0.01055025;3
1;341;1;Baseline;19;-3.461329;-2.925706;233.5374;null;0.000;-4.044856;-3.054513;221.0709;1.55347;Box37;-3.988001;0.3;5/12/2020 10:49:40 AM;00:00:10.5588786;0.01056127;3
1;341;1;Baseline;19;-3.454587;-2.918091;233.5346;null;0.000;-4.038133;-3.045618;221.212;1.012166;Box37;-3.988001;0.3;5/12/2020 10:49:40 AM;00:00:10.5706169;0.01057272;3
1;341;1;Baseline;19;-3.445004;-2.910751;233.7088;null;0.000;-4.03078;-3.036863;221.3041;0.998233;Box37;-3.988001;0.3;5/12/2020 10:49:40 AM;00:00:10.5849020;0.01058443;3
1;341;1;Baseline;19;-3.434548;-2.902721;233.7408;null;0.000;-4.023396;-3.02829;221.3714;0.966256;Box37;-3.988001;0.3;5/12/2020 10:49:40 AM;00:00:10.5958334;0.01059874;3
1;341;1;Baseline;19;-3.428212;-2.893566;233.4276;null;0.000;-4.016011;-3.019371;221.393;0.8090749;Box37;-3.988001;0.3;5/12/2020 10:49:40 AM;00:00:10.6072710;0.01060956;3
1;341;1;Baseline;19;-3.421341;-2.884918;233.3106;null;0.000;-4.008447;-3.010103;221.4771;1.105751;Box37;-3.988001;0.3;5/12/2020 10:49:40 AM;00:00:10.6216686;0.01062108;3
1;341;1;Baseline;19;-3.408671;-2.87522;233.1279;null;0.000;-4.000171;-3.002187;221.5681;0.9943926;Box37;-3.988001;0.3;5/12/2020 10:49:40 AM;00:00:10.6327808;0.01063539;3
1;341;1;Baseline;19;-3.401397;-2.865436;232.8076;null;0.000;-3.992179;-2.994722;221.4822;0.764408;Box37;-3.988001;0.3;5/12/2020 10:49:40 AM;00:00:10.6438024;0.01064647;3
1;341;1;Baseline;19;-3.393682;-2.855321;232.5299;null;0.000;-3.984131;-2.986089;221.2205;1.064297;Box37;-3.988001;0.3;5/12/2020 10:49:40 AM;00:00:10.6546446;0.01065763;3
1;341;1;Baseline;19;-3.380908;-2.844322;232.1276;null;0.000;-3.975494;-2.979988;220.6043;0.9481925;Box37;-3.988001;0.3;5/12/2020 10:49:40 AM;00:00:10.6692326;0.01066848;3
1;341;1;Baseline;19;-3.372822;-2.833558;231.5572;null;0.000;-3.967928;-2.973309;220.2215;0.930007;Box37;-3.988001;0.3;5/12/2020 10:49:40 AM;00:00:10.6806522;0.01068308;3
1;341;1;Baseline;19;-3.364907;-2.822931;230.9689;null;0.000;-3.959364;-2.966247;219.776;0.7601427;Box37;-3.988001;0.3;5/12/2020 10:49:40 AM;00:00:10.6918188;0.01069449;3
1;341;1;Baseline;19;-3.353776;-2.812466;230.3563;null;0.000;-3.950939;-2.959934;219.1987;0.9223785;Box37;-3.988001;0.3;5/12/2020 10:49:40 AM;00:00:10.7061228;0.01070566;3
1;341;1;Baseline;19;-3.346538;-2.800771;228.9359;null;0.000;-3.942142;-2.95343;218.5502;0.9799303;Box37;-3.988001;0.3;5/12/2020 10:49:40 AM;00:00:10.7171974;0.01071993;3
1;341;1;Baseline;19;-3.329618;-2.776568;225.1062;null;0.000;-3.922692;-2.93787;218.2679;1.74508;Box37;-3.988001;0.3;5/12/2020 10:49:40 AM;00:00:10.7279782;0.01073099;3
1;341;1;Baseline;19;-3.322792;-2.764682;223.6138;null;0.000;-3.913507;-2.929456;218.4319;1.12664;Box37;-3.988001;0.3;5/12/2020 10:49:40 AM;00:00:10.7387196;0.01074183;3
1;341;1;Baseline;19;-3.315735;-2.75333;223.1846;null;0.000;-3.904346;-2.921067;218.5792;1.146231;Box37;-3.988001;0.3;5/12/2020 10:49:40 AM;00:00:10.7531724;0.01075257;3
1;341;1;Baseline;19;-3.305797;-2.743288;223.6728;null;0.000;-3.894625;-2.91271;218.6829;1.193491;Box37;-3.988001;0.3;5/12/2020 10:49:40 AM;00:00:10.7643644;0.01076689;3
1;341;1;Baseline;19;-3.299278;-2.732551;224.1332;null;0.000;-3.884817;-2.90409;218.7839;0.9114937;Box37;-3.988001;0.3;5/12/2020 10:49:40 AM;00:00:10.7794778;0.0107782;3
1;341;1;Baseline;19;-3.293069;-2.721992;224.3372;null;0.000;-3.875293;-2.896087;218.9187;1.099696;Box37;-3.988001;0.3;5/12/2020 10:49:40 AM;00:00:10.7940290;0.01079328;3
1;341;1;Baseline;19;-3.284361;-2.711618;224.3038;null;0.000;-3.865043;-2.887109;219.2738;0.9040114;Box37;-3.988001;0.3;5/12/2020 10:49:40 AM;00:00:10.8052062;0.01080787;3
1;341;1;Baseline;19;-3.27572;-2.690851;222.526;null;0.000;-3.845098;-2.867852;220.5376;1.899845;Box37;-3.988001;0.3;5/12/2020 10:49:40 AM;00:00:10.8164138;0.01081903;3
1;341;1;Baseline;19;-3.267634;-2.682243;221.7287;null;0.000;-3.834823;-2.857375;221.4343;1.315287;Box37;-3.988001;0.3;5/12/2020 10:49:40 AM;00:00:10.8276004;0.01083021;3
1;341;1;Baseline;19;-3.263776;-2.673599;220.9623;null;0.000;-3.825135;-2.847048;222.2116;1.265665;Box37;-3.988001;0.3;5/12/2020 10:49:40 AM;00:00:10.8419306;0.01084139;3
1;341;1;Baseline;19;-3.258865;-2.665115;220.1925;null;0.000;-3.816031;-2.836425;223.1914;1.252226;Box37;-3.988001;0.3;5/12/2020 10:49:40 AM;00:00:10.8528416;0.01085568;3
1;341;1;Baseline;19;-3.253772;-2.657199;219.3066;null;0.000;-3.806416;-2.825757;224.1614;1.004593;Box37;-3.988001;0.3;5/12/2020 10:49:40 AM;00:00:10.8637120;0.01086669;3
1;341;1;Baseline;19;-3.251435;-2.648752;218.3785;null;0.000;-3.797705;-2.815526;224.7005;1.221099;Box37;-3.988001;0.3;5/12/2020 10:49:40 AM;00:00:10.8782778;0.01087755;3
1;341;1;Baseline;19;-3.250015;-2.640064;217.3361;null;0.000;-3.78951;-2.805945;224.8575;1.160732;Box37;-3.988001;0.3;5/12/2020 10:49:40 AM;00:00:10.8893350;0.0108921;3
1;341;1;Baseline;19;-3.245553;-2.63067;216.053;null;0.000;-3.780238;-2.796976;225.0414;0.886633;null;-3.988001;0.3;5/12/2020 10:49:40 AM;00:00:10.9003581;0.01090314;3
1;341;1;Baseline;19;-3.245498;-2.622216;214.4272;null;0.000;-3.772958;-2.787553;225.0321;1.078544;null;-3.988001;0.3;5/12/2020 10:49:40 AM;00:00:10.9112700;0.01091417;3
1;341;1;Baseline;19;-3.244549;-2.613809;213.0656;null;0.000;-3.76651;-2.77998;225.1647;0.9018919;null;-3.988001;0.3;5/12/2020 10:49:40 AM;00:00:10.9258526;0.01092508;3
1;341;1;Baseline;19;-3.242145;-2.606347;212.065;null;0.000;-3.760585;-2.772885;225.1237;0.8473768;null;-3.988001;0.3;5/12/2020 10:49:40 AM;00:00:10.9455466;0.01093971;3
1;341;1;Baseline;19;-3.240854;-2.599579;211.9808;null;0.000;-3.758005;-2.767977;223.9422;0.379013;null;-3.988001;0.3;5/12/2020 10:49:40 AM;00:00:10.9566478;0.01095928;3
1;341;1;Baseline;19;-3.234373;-2.585855;213.33;null;0.000;-3.75101;-2.760576;220.78;0.520233;null;-3.988001;0.3;5/12/2020 10:49:40 AM;00:00:10.9712178;0.01097048;3
1;341;1;Baseline;19;-3.231583;-2.580306;214.429;null;0.000;-3.748456;-2.757033;219.6211;0.3899451;null;-3.988001;0.3;5/12/2020 10:49:40 AM;00:00:10.9823302;0.01098505;3
1;341;1;Baseline;19;-3.229478;-2.573955;214.5481;null;0.000;-3.744228;-2.754003;218.9731;0.357086;null;-3.988001;0.3;5/12/2020 10:49:40 AM;00:00:10.9933894;0.01099617;3
1;341;1;Baseline;19;-3.22977;-2.568444;213.3779;null;0.000;-3.740826;-2.750876;218.682;0.4156202;null;-3.988001;0.3;5/12/2020 10:49:40 AM;00:00:11.0047578;0.01100724;3
1;341;1;Baseline;19;-3.233415;-2.561479;211.6025;null;0.000;-3.737069;-2.746464;218.3937;0.5234947;null;-3.988001;0.3;5/12/2020 10:49:40 AM;00:00:11.0192674;0.01101861;3
1;341;1;Baseline;19;-3.236017;-2.553017;209.9223;null;0.000;-3.73244;-2.742904;218.255;0.5132979;null;-3.988001;0.3;5/12/2020 10:49:40 AM;00:00:11.0302902;0.01103296;3
1;341;1;Baseline;19;-3.238824;-2.541582;209.1058;null;0.000;-3.724598;-2.736579;217.9828;0.7023672;null;-3.988001;0.3;5/12/2020 10:49:40 AM;00:00:11.0414282;0.01104414;3
1;341;1;Baseline;19;-3.2383;-2.537622;210.3426;null;0.000;-3.721828;-2.73398;217.9028;0.3398618;null;-3.988001;0.3;5/12/2020 10:49:40 AM;00:00:11.0560054;0.01105527;3
1;341;1;Baseline;19;-3.232898;-2.536142;212.5297;null;0.000;-3.71909;-2.731383;217.5643;0.3388452;null;-3.988001;0.3;5/12/2020 10:49:40 AM;00:00:11.0670645;0.01106979;3
1;341;1;Baseline;19;-3.228916;-2.535141;214.5738;null;0.000;-3.716602;-2.729814;216.8324;0.2025755;null;-3.988001;0.3;5/12/2020 10:49:40 AM;00:00:11.0781796;0.01108088;3
1;341;1;Baseline;19;-3.224499;-2.531862;214.9445;null;0.000;-3.714598;-2.72899;215.9546;0.1954617;null;-3.988001;0.3;5/12/2020 10:49:40 AM;00:00:11.0892093;0.011092;3
1;341;1;Baseline;19;-3.221499;-2.529523;214.7312;null;0.000;-3.711037;-2.729035;215.0975;0.3201294;null;-3.988001;0.3;5/12/2020 10:49:40 AM;00:00:11.1047356;0.01110298;3
1;341;1;Baseline;19;-3.216686;-2.527478;212.5497;null;0.000;-3.708019;-2.728711;214.1098;0.2766208;null;-3.988001;0.3;5/12/2020 10:49:40 AM;00:00:11.1161514;0.01111853;3
1;341;1;Baseline;19;-3.211111;-2.525912;211.2233;null;0.000;-3.704953;-2.72821;213.2458;0.1996977;null;-3.988001;0.3;5/12/2020 10:49:40 AM;00:00:11.1270350;0.01112999;3
1;341;1;Baseline;19;-3.204524;-2.526835;210.0996;null;0.000;-3.701425;-2.727245;212.4843;0.3191045;null;-3.988001;0.3;5/12/2020 10:49:40 AM;00:00:11.1415960;0.0111409;3
1;341;1;Baseline;19;-3.197594;-2.527272;209.3599;null;0.000;-3.697613;-2.725376;211.9572;0.38942;null;-3.988001;0.3;5/12/2020 10:49:40 AM;00:00:11.1525422;0.01115532;3
1;341;1;Baseline;19;-3.185811;-2.527886;208;null;0.000;-3.689699;-2.719831;211.9789;0.6697253;null;-3.988001;0.3;5/12/2020 10:49:40 AM;00:00:11.1633585;0.01116639;3
1;341;1;Baseline;19;-3.178579;-2.52787;207.9593;null;0.000;-3.685822;-2.717231;212.4911;0.4217432;null;-3.988001;0.3;5/12/2020 10:49:40 AM;00:00:11.1775508;0.01117738;3
1;341;1;Baseline;19;-3.17135;-2.528077;207.7737;null;0.000;-3.682806;-2.714848;212.8081;0.3497203;null;-3.988001;0.3;5/12/2020 10:49:40 AM;00:00:11.1884326;0.01118793;3
1;341;1;Baseline;19;-3.164812;-2.528157;207.4759;null;0.000;-3.679352;-2.712892;213.0145;0.3764619;null;-3.988001;0.3;5/12/2020 10:49:40 AM;00:00:11.1994301;0.01120218;3
1;341;1;Baseline;19;-3.158731;-2.527087;206.1167;null;0.000;-3.675165;-2.712334;213.0755;0.2963665;null;-3.988001;0.3;5/12/2020 10:49:40 AM;00:00:11.2102600;0.01121326;3
1;341;1;Baseline;19;-3.151899;-2.527883;204.4435;null;0.000;-3.671038;-2.711689;213.237;0.3770331;null;-3.988001;0.3;5/12/2020 10:49:40 AM;00:00:11.2250064;0.01122412;3
1;341;1;Baseline;19;-3.146363;-2.527837;203.0368;null;0.000;-3.666303;-2.711184;213.4423;0.4383835;null;-3.988001;0.3;5/12/2020 10:49:40 AM;00:00:11.2361818;0.01123883;3
1;341;1;Baseline;19;-3.141295;-2.528919;201.5685;null;0.000;-3.661413;-2.711755;213.604;0.3347406;null;-3.988001;0.3;5/12/2020 10:49:40 AM;00:00:11.2472669;0.01124996;3
1;341;1;Baseline;19;-3.13512;-2.532168;200.6196;null;0.000;-3.656785;-2.713298;213.6401;0.4382591;null;-3.988001;0.3;5/12/2020 10:49:40 AM;00:00:11.2616466;0.0112611;3
1;341;1;Baseline;19;-3.127636;-2.534889;200.1754;null;0.000;-3.653063;-2.715472;213.548;0.387081;null;-3.988001;0.3;5/12/2020 10:49:40 AM;00:00:11.2726961;0.0112755;3
1;341;1;Baseline;19;-3.121456;-2.537556;200.1377;null;0.000;-3.649408;-2.717463;213.2438;0.288919;null;-3.988001;0.3;5/12/2020 10:49:40 AM;00:00:11.2837497;0.01128654;3
1;341;1;Baseline;19;-3.114562;-2.54083;200.4005;null;0.000;-3.644815;-2.719947;212.9282;0.4731599;null;-3.988001;0.3;5/12/2020 10:49:40 AM;00:00:11.2947758;0.01129761;3
1;341;1;Baseline;19;-3.106622;-2.543823;200.5326;null;0.000;-3.640764;-2.72204;212.7176;0.4119822;null;-3.988001;0.3;5/12/2020 10:49:40 AM;00:00:11.3094380;0.01130864;3
1;341;1;Baseline;19;-3.099483;-2.546434;200.7294;null;0.000;-3.635954;-2.723732;212.4728;0.4622326;null;-3.988001;0.3;5/12/2020 10:49:40 AM;00:00:11.3204901;0.01132317;3
1;341;1;Baseline;19;-3.084083;-2.550868;200.0634;null;0.000;-3.624976;-2.726832;212.2991;0.7848731;null;-3.988001;0.3;5/12/2020 10:49:41 AM;00:00:11.3315536;0.01133434;3
1;341;1;Baseline;19;-3.077193;-2.552764;199.3262;null;0.000;-3.619118;-2.728269;212.3517;0.5399141;null;-3.988001;0.3;5/12/2020 10:49:41 AM;00:00:11.3459729;0.0113454;3
1;341;1;Baseline;19;-3.070271;-2.555243;198.3691;null;0.000;-3.613394;-2.729605;212.4195;0.5316184;null;-3.988001;0.3;5/12/2020 10:49:41 AM;00:00:11.3575800;0.01135972;3
1;341;1;Baseline;19;-3.062978;-2.557502;197.3981;null;0.000;-3.60746;-2.730732;212.416;0.4217417;null;-3.988001;0.3;5/12/2020 10:49:41 AM;00:00:11.3688470;0.0113714;3
1;341;1;Baseline;19;-3.056266;-2.559181;196.0681;null;0.000;-3.600518;-2.731822;212.4323;0.6019099;null;-3.988001;0.3;5/12/2020 10:49:41 AM;00:00:11.3833642;0.01138266;3
1;341;1;Baseline;19;-3.047901;-2.561572;195.603;null;0.000;-3.594627;-2.7323;212.4888;0.524802;null;-3.988001;0.3;5/12/2020 10:49:41 AM;00:00:11.3946028;0.01139721;3
1;341;1;Baseline;19;-3.038389;-2.564055;195.5882;null;0.000;-3.587831;-2.732404;212.5548;0.4671754;null;-3.988001;0.3;5/12/2020 10:49:41 AM;00:00:11.4054728;0.01140846;3
1;341;1;Baseline;19;-3.028175;-2.566171;196.4401;null;0.000;-3.580375;-2.731987;212.7573;0.6638336;null;-3.988001;0.3;5/12/2020 10:49:41 AM;00:00:11.4166034;0.01141932;3
1;341;1;Baseline;19;-3.01767;-2.568435;197.2559;null;0.000;-3.573778;-2.731692;212.9887;0.6077154;null;-3.988001;0.3;5/12/2020 10:49:41 AM;00:00:11.4313516;0.01143045;3
1;341;1;Baseline;19;-3.007511;-2.570569;197.6733;null;0.000;-3.565557;-2.730814;213.2286;0.7427934;null;-3.988001;0.3;5/12/2020 10:49:41 AM;00:00:11.4422650;0.01144509;3
1;341;1;Baseline;19;-2.988547;-2.572655;197.0672;null;0.000;-3.548411;-2.729955;213.5925;1.172451;null;-3.988001;0.3;5/12/2020 10:49:41 AM;00:00:11.4531374;0.01145611;3
1;341;1;Baseline;19;-2.979883;-2.575014;196.6424;null;0.000;-3.539474;-2.72955;213.7149;0.8119356;null;-3.988001;0.3;5/12/2020 10:49:41 AM;00:00:11.4676596;0.01146699;3
1;341;1;Baseline;19;-2.970764;-2.577368;195.8705;null;0.000;-3.530656;-2.729101;213.755;0.8118016;null;-3.988001;0.3;5/12/2020 10:49:41 AM;00:00:11.4785297;0.01148151;3
1;341;1;Baseline;19;-2.961279;-2.579931;195.4814;null;0.000;-3.52211;-2.728638;213.8103;0.589236;null;-3.988001;0.3;5/12/2020 10:49:41 AM;00:00:11.4894618;0.01149238;3
1;341;1;Baseline;19;-2.952042;-2.582915;195.2731;null;0.000;-3.513444;-2.727809;213.6096;0.8012415;null;-3.988001;0.3;5/12/2020 10:49:41 AM;00:00:11.5042725;0.01150327;3
1;341;1;Baseline;19;-2.942685;-2.585853;195.2289;null;0.000;-3.504274;-2.725682;213.0897;0.8644158;null;-3.988001;0.3;5/12/2020 10:49:41 AM;00:00:11.5152365;0.01151806;3
1;341;1;Baseline;19;-2.932262;-2.589537;195.8707;null;0.000;-3.494454;-2.723216;213.5168;0.684462;null;-3.988001;0.3;5/12/2020 10:49:41 AM;00:00:11.5262790;0.01152904;3
1;341;1;Baseline;19;-2.920569;-2.593506;197.0827;null;0.000;-3.485122;-2.720476;214.6684;0.8862821;null;-3.988001;0.3;5/12/2020 10:49:41 AM;00:00:11.5375706;0.0115401;3
1;341;1;Baseline;19;-2.90933;-2.597076;197.9075;null;0.000;-3.475641;-2.718276;215.8796;0.8798445;null;-3.988001;0.3;5/12/2020 10:49:41 AM;00:00:11.5528033;0.01155134;3
1;341;1;Baseline;19;-2.899071;-2.600425;198.2905;null;0.000;-3.466355;-2.715781;216.647;0.8549631;null;-3.988001;0.3;5/12/2020 10:49:41 AM;00:00:11.5641866;0.0115665;3
1;341;1;Baseline;19;-2.886796;-2.602813;196.2942;null;0.000;-3.448319;-2.711456;217.9044;1.223779;null;-3.988001;0.3;5/12/2020 10:49:41 AM;00:00:11.5753244;0.01157792;3
1;341;1;Baseline;19;-2.879483;-2.603316;194.0474;null;0.000;-3.439608;-2.709587;218.5163;0.7802296;null;-3.988001;0.3;5/12/2020 10:49:41 AM;00:00:11.5898245;0.01158915;3
1;341;1;Baseline;19;-2.87061;-2.605401;193.3642;null;0.000;-3.432025;-2.707631;219.107;0.6970418;null;-3.988001;0.3;5/12/2020 10:49:41 AM;00:00:11.6009721;0.01160366;3
1;341;1;Baseline;19;-2.858895;-2.608967;195.4222;null;0.000;-3.425397;-2.705334;219.3622;0.4834026;null;-3.988001;0.3;5/12/2020 10:49:41 AM;00:00:11.6118910;0.01161479;3
1;341;1;Baseline;19;-2.849525;-2.614416;196.7556;null;0.000;-3.417794;-2.703623;219.7146;0.7005001;null;-3.988001;0.3;5/12/2020 10:49:41 AM;00:00:11.6267632;0.01162574;3
1;341;1;Baseline;19;-2.852941;-2.613358;194.1283;null;0.000;-3.41061;-2.702071;219.9939;0.6712697;null;-3.988001;0.3;5/12/2020 10:49:41 AM;00:00:11.6383640;0.01164056;3
1;341;1;Baseline;19;-2.86028;-2.610123;189.0397;null;0.000;-3.403655;-2.699397;220.2513;0.5026449;null;-3.988001;0.3;5/12/2020 10:49:41 AM;00:00:11.6495212;0.01165219;3
1;341;1;Baseline;19;-2.860042;-2.609051;184.8584;null;0.000;-3.396173;-2.697177;220.4773;0.6709296;null;-3.988001;0.3;5/12/2020 10:49:41 AM;00:00:11.6642958;0.01166335;3
1;341;1;Baseline;19;-2.856112;-2.608466;181.8068;null;0.000;-3.389009;-2.694923;220.7536;0.6733668;null;-3.988001;0.3;5/12/2020 10:49:41 AM;00:00:11.6753280;0.011678;3
1;341;1;Baseline;19;-2.838938;-2.608805;184.1561;null;0.000;-3.375027;-2.689513;221.4581;1.023426;null;-3.988001;0.3;5/12/2020 10:49:41 AM;00:00:11.6865208;0.01168916;3
1;341;1;Baseline;19;-2.83321;-2.608742;186.8077;null;0.000;-3.367739;-2.686835;221.8127;0.6954413;null;-3.988001;0.3;5/12/2020 10:49:41 AM;00:00:11.6977018;0.01170032;3
1;341;1;Baseline;19;-2.830688;-2.608668;187.6215;null;0.000;-3.360252;-2.684191;222.1492;0.7115264;null;-3.988001;0.3;5/12/2020 10:49:41 AM;00:00:11.7123994;0.01171151;3
1;341;1;Baseline;19;-2.827671;-2.608489;186.6848;null;0.000;-3.353351;-2.681732;222.4981;0.6549211;null;-3.988001;0.3;5/12/2020 10:49:41 AM;00:00:11.7233942;0.01172623;3
1;341;1;Baseline;19;-2.826457;-2.608076;185.2474;null;0.000;-3.346085;-2.679266;222.7679;0.521206;null;-3.988001;0.3;5/12/2020 10:49:41 AM;00:00:11.7343912;0.01173724;3
1;341;1;Baseline;19;-2.823734;-2.607987;184.1031;null;0.000;-3.338871;-2.676509;223.0057;0.7011915;null;-3.988001;0.3;5/12/2020 10:49:41 AM;00:00:11.7488880;0.01174825;3
1;341;1;Baseline;19;-2.81877;-2.607915;183.5431;null;0.000;-3.332067;-2.673819;223.3174;0.6649122;null;-3.988001;0.3;5/12/2020 10:49:41 AM;00:00:11.7600378;0.01176272;3
1;341;1;Baseline;19;-2.813958;-2.608021;183.3568;null;0.000;-3.325051;-2.671065;223.6475;0.5208669;null;-3.988001;0.3;5/12/2020 10:49:41 AM;00:00:11.7712698;0.01177386;3
1;341;1;Baseline;19;-2.807108;-2.608442;183.8948;null;0.000;-3.318135;-2.667864;224.0117;0.6839838;null;-3.988001;0.3;5/12/2020 10:49:41 AM;00:00:11.7860829;0.0117851;3
1;341;1;Baseline;19;-2.800857;-2.609279;184.0809;null;0.000;-3.311341;-2.664845;224.3654;0.66146;null;-3.988001;0.3;5/12/2020 10:49:41 AM;00:00:11.7972225;0.01179977;3
1;341;1;Baseline;19;-2.795282;-2.609517;184.3043;null;0.000;-3.3046;-2.661713;224.7469;0.5065638;null;-3.988001;0.3;5/12/2020 10:49:41 AM;00:00:11.8083570;0.01181105;3
1;341;1;Baseline;19;-2.790245;-2.609876;184.1669;null;0.000;-3.297549;-2.658398;225.1112;0.6905947;null;-3.988001;0.3;5/12/2020 10:49:41 AM;00:00:11.8229761;0.01182219;3
1;341;1;Baseline;19;-2.785792;-2.609559;183.7525;null;0.000;-3.290727;-2.6554;225.4572;0.6688492;null;-3.988001;0.3;5/12/2020 10:49:41 AM;00:00:11.8339358;0.01183681;3
1;341;1;Baseline;19;-2.77346;-2.610377;182.9813;null;0.000;-3.277133;-2.648962;226.1466;1.0294;null;-3.988001;0.3;5/12/2020 10:49:41 AM;00:00:11.8448950;0.0118478;3
1;341;1;Baseline;19;-2.766993;-2.610576;182.8617;null;0.000;-3.270359;-2.645865;226.4752;0.6777744;null;-3.988001;0.3;5/12/2020 10:49:41 AM;00:00:11.8595978;0.01185875;3
1;341;1;Baseline;19;-2.759645;-2.610841;182.6852;null;0.000;-3.263861;-2.642724;226.7166;0.6591647;null;-3.988001;0.3;5/12/2020 10:49:41 AM;00:00:11.8708742;0.01187345;3
1;341;1;Baseline;19;-2.752584;-2.609732;182.364;null;0.000;-3.257107;-2.639368;226.9645;0.5129672;null;-3.988001;0.3;5/12/2020 10:49:41 AM;00:00:11.8821438;0.01188471;3
1;341;1;Baseline;19;-2.74464;-2.609631;181.7845;null;0.000;-3.250161;-2.635994;227.1809;0.6854328;null;-3.988001;0.3;5/12/2020 10:49:41 AM;00:00:11.8932496;0.01189598;3
1;341;1;Baseline;19;-2.736685;-2.609406;181.1175;null;0.000;-3.243736;-2.632586;227.4215;0.6456525;null;-3.988001;0.3;5/12/2020 10:49:41 AM;00:00:11.9078766;0.01190708;3
1;341;1;Baseline;19;-2.727446;-2.60957;180.0277;null;0.000;-3.237463;-2.628702;227.652;0.6645917;null;-3.988001;0.3;5/12/2020 10:49:41 AM;00:00:11.9190021;0.01192171;3
1;341;1;Baseline;19;-2.71899;-2.610215;179.2883;null;0.000;-3.231392;-2.624807;227.9293;0.4930946;null;-3.988001;0.3;5/12/2020 10:49:41 AM;00:00:11.9300758;0.01193284;3
1;341;1;Baseline;19;-2.709999;-2.611008;178.4688;null;0.000;-3.225282;-2.620984;228.2158;0.6471958;null;-3.988001;0.3;5/12/2020 10:49:41 AM;00:00:11.9446693;0.01194388;3
1;341;1;Baseline;19;-2.701082;-2.611936;177.5895;null;0.000;-3.219124;-2.616844;228.5444;0.6724657;null;-3.988001;0.3;5/12/2020 10:49:41 AM;00:00:11.9557678;0.01195842;3
1;341;1;Baseline;19;-2.683749;-2.613045;175.824;null;0.000;-3.207715;-2.608315;229.441;0.9796401;null;-3.988001;0.3;5/12/2020 10:49:41 AM;00:00:11.9669809;0.01196958;3
1;341;1;Baseline;19;-2.674678;-2.614159;174.8643;null;0.000;-3.201983;-2.604125;229.9025;0.6361445;null;-3.988001;0.3;5/12/2020 10:49:41 AM;00:00:11.9815900;0.01198078;3
1;341;1;Baseline;19;-2.665023;-2.615406;173.8956;null;0.000;-3.196756;-2.599896;230.2998;0.6004354;null;-3.988001;0.3;5/12/2020 10:49:41 AM;00:00:11.9926868;0.01199538;3
1;341;1;Baseline;19;-2.655596;-2.616688;172.8225;null;0.000;-3.191744;-2.595708;230.7115;0.4474256;null;-3.988001;0.3;5/12/2020 10:49:41 AM;00:00:12.0038514;0.01200655;3
1;341;1;Baseline;19;-2.646478;-2.617981;171.6941;null;0.000;-3.187051;-2.591559;231.0727;0.5607249;null;-3.988001;0.3;5/12/2020 10:49:41 AM;00:00:12.0185954;0.01201768;3
1;341;1;Baseline;19;-2.637475;-2.618787;170.6166;null;0.000;-3.182149;-2.587372;231.4341;0.5792038;null;-3.988001;0.3;5/12/2020 10:49:41 AM;00:00:12.0305946;0.01203227;3
1;341;1;Baseline;19;-2.629844;-2.619831;169.3607;null;0.000;-3.1777;-2.583207;231.7155;0.4175319;null;-3.988001;0.3;5/12/2020 10:49:41 AM;00:00:12.0421229;0.0120443;3
1;341;1;Baseline;19;-2.622344;-2.620709;168.2405;null;0.000;-3.173094;-2.578752;232.0491;0.5326334;null;-3.988001;0.3;5/12/2020 10:49:41 AM;00:00:12.0567896;0.01205594;3
1;341;1;Baseline;19;-2.614675;-2.620524;167.2564;null;0.000;-3.168427;-2.574294;232.435;0.5547225;null;-3.988001;0.3;5/12/2020 10:49:41 AM;00:00:12.0681726;0.01207063;3
1;341;1;Baseline;19;-2.599756;-2.621463;166.046;null;0.000;-3.159522;-2.56459;233.1066;0.8966356;null;-3.988001;0.3;5/12/2020 10:49:41 AM;00:00:12.0791018;0.01208202;3
1;341;1;Baseline;19;-2.591763;-2.621086;165.5784;null;0.000;-3.15478;-2.559356;233.2469;0.6198449;null;-3.988001;0.3;5/12/2020 10:49:41 AM;00:00:12.0901689;0.01209294;3
1;341;1;Baseline;19;-2.583645;-2.621213;165.4854;null;0.000;-3.149073;-2.554171;233.4945;0.7063535;null;-3.988001;0.3;5/12/2020 10:49:41 AM;00:00:12.1054600;0.01210396;3
1;341;1;Baseline;19;-2.57557;-2.621514;165.1585;null;0.000;-3.143167;-2.549107;233.9999;0.7056577;null;-3.988001;0.3;5/12/2020 10:49:41 AM;00:00:12.1170406;0.01211929;3
1;341;1;Baseline;19;-2.567899;-2.621787;164.7852;null;0.000;-3.137291;-2.544148;234.8173;0.5015308;null;-3.988001;0.3;5/12/2020 10:49:41 AM;00:00:12.1283118;0.01213087;3
1;341;1;Baseline;19;-2.561643;-2.622507;164.0483;null;0.000;-3.13167;-2.539465;235.674;0.6321484;null;-3.988001;0.3;5/12/2020 10:49:41 AM;00:00:12.1432585;0.01214212;3
1;341;1;Baseline;19;-2.556681;-2.623456;162.9561;null;0.000;-3.126234;-2.53523;236.3564;0.6121189;null;-3.988001;0.3;5/12/2020 10:49:41 AM;00:00:12.1545910;0.01215695;3
1;341;1;Baseline;19;-2.550579;-2.625313;161.7657;null;0.000;-3.121293;-2.530984;236.972;0.4395626;null;-3.988001;0.3;5/12/2020 10:49:41 AM;00:00:12.1660742;0.01216839;3
1;341;1;Baseline;19;-2.546879;-2.626551;160.1307;null;0.000;-3.116416;-2.527691;237.5027;0.5140499;null;-3.988001;0.3;5/12/2020 10:49:41 AM;00:00:12.1808844;0.01217992;3
1;341;1;Baseline;19;-2.542715;-2.627737;158.7581;null;0.000;-3.111348;-2.523991;238.0187;0.5444808;null;-3.988001;0.3;5/12/2020 10:49:41 AM;00:00:12.1919593;0.01219469;3
1;341;1;Baseline;19;-2.530591;-2.629635;157.6941;null;0.000;-3.101942;-2.518372;238.7633;0.7416358;null;-3.988001;0.3;5/12/2020 10:49:41 AM;00:00:12.2030354;0.01220579;3
1;341;1;Baseline;19;-2.524338;-2.630961;157.797;null;0.000;-3.097947;-2.515678;238.8208;0.434047;null;-3.988001;0.3;5/12/2020 10:49:41 AM;00:00:12.2177526;0.01221689;3
1;341;1;Baseline;19;-2.517776;-2.632502;157.7931;null;0.000;-3.093078;-2.51296;239.0166;0.502247;null;-3.988001;0.3;5/12/2020 10:49:41 AM;00:00:12.2289622;0.01223159;3
1;341;1;Baseline;19;-2.512287;-2.633858;157.5609;null;0.000;-3.088816;-2.510515;239.0978;0.3342577;null;-3.988001;0.3;5/12/2020 10:49:41 AM;00:00:12.2402173;0.01224276;3
1;341;1;Baseline;19;-2.506984;-2.635972;157.3245;null;0.000;-3.084808;-2.507692;239.2307;0.4389558;null;-3.988001;0.3;5/12/2020 10:49:41 AM;00:00:12.2550660;0.01225403;3
1;341;1;Baseline;19;-2.501114;-2.638123;156.9713;null;0.000;-3.080133;-2.50524;239.3799;0.4684287;null;-3.988001;0.3;5/12/2020 10:49:41 AM;00:00:12.2663089;0.01226878;3
1;341;1;Baseline;19;-2.495094;-2.640397;156.7576;null;0.000;-3.075926;-2.502995;239.4184;0.3233141;null;-3.988001;0.3;5/12/2020 10:49:41 AM;00:00:12.2775114;0.01228014;3
1;341;1;Baseline;19;-2.488379;-2.643029;156.6396;null;0.000;-3.072288;-2.500407;239.4427;0.3929241;null;-3.988001;0.3;5/12/2020 10:49:41 AM;00:00:12.2923494;0.01229135;3
1;341;1;Baseline;19;-2.481946;-2.645333;156.4529;null;0.000;-3.067925;-2.498089;239.4875;0.4409619;null;-3.988001;0.3;5/12/2020 10:49:41 AM;00:00:12.3035372;0.0123062;3
1;341;1;Baseline;19;-2.468639;-2.651925;154.9732;null;0.000;-3.059934;-2.493756;239.5009;0.612137;null;-3.988001;0.3;5/12/2020 10:49:41 AM;00:00:12.3146281;0.01231739;3
1;341;1;Baseline;19;-2.46253;-2.654503;154.1191;null;0.000;-3.055708;-2.491692;239.5256;0.4201405;null;-3.988001;0.3;5/12/2020 10:49:41 AM;00:00:12.3293517;0.01232844;3
1;341;1;Baseline;19;-2.455864;-2.65825;153.0968;null;0.000;-3.051098;-2.489957;239.4497;0.4458278;null;-3.988001;0.3;5/12/2020 10:49:42 AM;00:00:12.3407344;0.01234318;3
1;341;1;Baseline;19;-2.449262;-2.660753;152.3826;null;0.000;-3.046991;-2.487893;239.4421;0.31179;null;-3.988001;0.3;5/12/2020 10:49:42 AM;00:00:12.3520954;0.01235455;3
1;341;1;Baseline;19;-2.442483;-2.66419;151.921;null;0.000;-3.04254;-2.4862;239.4415;0.4190675;null;-3.988001;0.3;5/12/2020 10:49:42 AM;00:00:12.3671676;0.01236591;3
1;341;1;Baseline;19;-2.434425;-2.66635;152.1485;null;0.000;-3.037508;-2.484614;239.4397;0.4642565;null;-3.988001;0.3;5/12/2020 10:49:42 AM;00:00:12.3783750;0.01238083;3
1;341;1;Baseline;19;-2.426891;-2.667458;152.22;null;0.000;-3.032619;-2.48302;239.4677;0.3447832;null;-3.988001;0.3;5/12/2020 10:49:42 AM;00:00:12.3896148;0.01239221;3
1;341;1;Baseline;19;-2.4201;-2.669724;152.6993;null;0.000;-3.027962;-2.481689;239.5016;0.425489;null;-3.988001;0.3;5/12/2020 10:49:42 AM;00:00:12.4044006;0.01240342;3
1;341;1;Baseline;19;-2.41283;-2.671614;152.8689;null;0.000;-3.02265;-2.480586;239.475;0.4837984;null;-3.988001;0.3;5/12/2020 10:49:42 AM;00:00:12.4156668;0.01241822;3
1;341;1;Baseline;19;-2.400858;-2.674996;152.1866;null;0.000;-3.013201;-2.478419;239.4615;0.6551476;null;-3.988001;0.3;5/12/2020 10:49:42 AM;00:00:12.4271442;0.01242952;3
1;341;1;Baseline;19;-2.393554;-2.677456;151.852;null;0.000;-3.008044;-2.477817;239.4104;0.4594842;null;-3.988001;0.3;5/12/2020 10:49:42 AM;00:00:12.4421652;0.01244098;3
1;341;1;Baseline;19;-2.386654;-2.679355;151.7062;null;0.000;-3.003764;-2.476408;239.3371;0.3929771;null;-3.988001;0.3;5/12/2020 10:49:42 AM;00:00:12.4536216;0.01245586;3
1;341;1;Baseline;19;-2.379042;-2.681349;151.621;null;0.000;-2.998597;-2.47587;239.2808;0.3493118;null;-3.988001;0.3;5/12/2020 10:49:42 AM;00:00:12.4651230;0.01246745;3
1;341;1;Baseline;19;-2.370961;-2.683287;151.5428;null;0.000;-2.993385;-2.475495;239.2429;0.4506128;null;-3.988001;0.3;5/12/2020 10:49:42 AM;00:00:12.4766662;0.01247892;3
1;341;1;Baseline;19;-2.363104;-2.684455;151.1697;null;0.000;-2.987859;-2.475764;239.1709;0.482352;null;-3.988001;0.3;5/12/2020 10:49:42 AM;00:00:12.4917849;0.01249049;3
1;341;1;Baseline;19;-2.356322;-2.686567;150.7771;null;0.000;-2.982454;-2.475934;239.1012;0.4673888;null;-3.988001;0.3;5/12/2020 10:49:42 AM;00:00:12.5034522;0.0125056;3
1;341;1;Baseline;19;-2.341718;-2.690312;149.5181;null;0.000;-2.970971;-2.476772;238.8826;0.7622662;null;-3.988001;0.3;5/12/2020 10:49:42 AM;00:00:12.5150285;0.01251729;3
1;341;1;Baseline;19;-2.333475;-2.69232;149.3373;null;0.000;-2.965039;-2.477437;238.7979;0.5102698;null;-3.988001;0.3;5/12/2020 10:49:42 AM;00:00:12.5299898;0.01252883;3
1;341;1;Baseline;19;-2.324847;-2.694077;149.5794;null;0.000;-2.958981;-2.478235;238.6963;0.5297498;null;-3.988001;0.3;5/12/2020 10:49:42 AM;00:00:12.5419490;0.01254381;3
1;341;1;Baseline;19;-2.316411;-2.695049;149.9645;null;0.000;-2.952907;-2.47896;238.5772;0.4083092;null;-3.988001;0.3;5/12/2020 10:49:42 AM;00:00:12.5547778;0.01255562;3
1;341;1;Baseline;19;-2.3075;-2.69662;150.1919;null;0.000;-2.946555;-2.479908;238.5327;0.5438779;null;-3.988001;0.3;5/12/2020 10:49:42 AM;00:00:12.5703194;0.01256861;3
1;341;1;Baseline;19;-2.298308;-2.698064;150.382;null;0.000;-2.939909;-2.480963;238.5479;0.5178574;null;-3.988001;0.3;5/12/2020 10:49:42 AM;00:00:12.5828428;0.01258412;3
1;341;1;Baseline;19;-2.282594;-2.700243;149.0703;null;0.000;-2.926229;-2.483323;238.5259;0.8948744;null;-3.988001;0.3;5/12/2020 10:49:42 AM;00:00:12.5979746;0.01259666;3
1;341;1;Baseline;19;-2.275156;-2.701081;147.7861;null;0.000;-2.919103;-2.484673;238.5346;0.5784546;null;-3.988001;0.3;5/12/2020 10:49:42 AM;00:00:12.6095105;0.01260827;3
1;341;1;Baseline;19;-2.26708;-2.702769;146.8846;null;0.000;-2.912402;-2.485903;238.4933;0.5866033;null;-3.988001;0.3;5/12/2020 10:49:42 AM;00:00:12.6210582;0.0126232;3
1;341;1;Baseline;19;-2.257846;-2.704388;146.2977;null;0.000;-2.904921;-2.487472;238.4617;0.5121328;null;-3.988001;0.3;5/12/2020 10:49:42 AM;00:00:12.6326565;0.01263487;3
1;341;1;Baseline;19;-2.248132;-2.705909;146.196;null;0.000;-2.897178;-2.489076;238.4324;0.6774367;null;-3.988001;0.3;5/12/2020 10:49:42 AM;00:00:12.6477934;0.01264646;3
1;341;1;Baseline;19;-2.239391;-2.706505;146.1286;null;0.000;-2.889149;-2.490854;238.4199;0.7096653;null;-3.988001;0.3;5/12/2020 10:49:42 AM;00:00:12.6593772;0.01266158;3
1;341;1;Baseline;19;-2.220178;-2.708066;146.3533;null;0.000;-2.872301;-2.494189;238.6198;1.136042;null;-3.988001;0.3;5/12/2020 10:49:42 AM;00:00:12.6707682;0.01267317;3
1;341;1;Baseline;19;-2.211543;-2.709063;146.1973;null;0.000;-2.863235;-2.496459;238.8014;0.8061295;null;-3.988001;0.3;5/12/2020 10:49:42 AM;00:00:12.6859582;0.01268458;3
1;341;1;Baseline;19;-2.202246;-2.70961;145.92;null;0.000;-2.85428;-2.498415;239.0078;0.8034778;null;-3.988001;0.3;5/12/2020 10:49:42 AM;00:00:12.6973722;0.01269968;3
1;341;1;Baseline;19;-2.193333;-2.710245;145.6017;null;0.000;-2.845196;-2.500526;239.2322;0.6175693;null;-3.988001;0.3;5/12/2020 10:49:42 AM;00:00:12.7087585;0.01271114;3
1;341;1;Baseline;19;-2.1838;-2.711499;145.3241;null;0.000;-2.836002;-2.502989;239.416;0.8304247;null;-3.988001;0.3;5/12/2020 10:49:42 AM;00:00:12.7240233;0.01272259;3
1;341;1;Baseline;19;-2.174355;-2.712638;145.0577;null;0.000;-2.826864;-2.505256;239.6307;0.8227233;null;-3.988001;0.3;5/12/2020 10:49:42 AM;00:00:12.7353976;0.01273784;3
1;341;1;Baseline;19;-2.164916;-2.713507;144.3098;null;0.000;-2.817151;-2.508191;239.8644;0.6653701;null;-3.988001;0.3;5/12/2020 10:49:42 AM;00:00:12.7466736;0.01274925;3
1;341;1;Baseline;19;-2.165107;-2.714625;142.583;null;0.000;-2.807177;-2.511267;239.9476;0.9145902;null;-3.988001;0.3;5/12/2020 10:49:42 AM;00:00:12.7617460;0.0127605;3
1;341;1;Baseline;19;-2.162882;-2.714897;139.1299;null;0.000;-2.797492;-2.513652;239.8443;0.8863866;null;-3.988001;0.3;5/12/2020 10:49:42 AM;00:00:12.7730561;0.01277557;3
1;341;1;Baseline;19;-2.150765;-2.718362;134.6829;null;0.000;-2.777074;-2.51903;240.2184;1.401091;null;-3.988001;0.3;5/12/2020 10:49:42 AM;00:00:12.7845694;0.01278686;3
1;341;1;Baseline;19;-2.143641;-2.719689;134.3665;null;0.000;-2.767365;-2.521371;240.1711;0.8850073;null;-3.988001;0.3;5/12/2020 10:49:42 AM;00:00:12.7998494;0.01279834;3
1;341;1;Baseline;19;-2.135508;-2.719931;135.7553;null;0.000;-2.757464;-2.523368;239.9437;0.8796769;null;-3.988001;0.3;5/12/2020 10:49:42 AM;00:00:12.8113541;0.01281353;3
1;341;1;Baseline;19;-2.128098;-2.720376;135.8361;null;0.000;-2.746433;-2.52527;239.9881;0.7366497;null;-3.988001;0.3;5/12/2020 10:49:42 AM;00:00:12.8229398;0.01282518;3
1;341;1;Baseline;19;-2.122049;-2.719922;135.8439;null;0.000;-2.736089;-2.526767;240.2215;0.8972306;null;-3.988001;0.3;5/12/2020 10:49:42 AM;00:00:12.8378690;0.01283675;3
1;341;1;Baseline;19;-2.117691;-2.719522;135.2374;null;0.000;-2.725591;-2.527981;240.7678;0.9132847;null;-3.988001;0.3;5/12/2020 10:49:42 AM;00:00:12.8495869;0.01285168;3
1;341;1;Baseline;19;-2.109942;-2.719819;133.4507;null;0.000;-2.705559;-2.532193;241.9101;1.371061;null;-3.988001;0.3;5/12/2020 10:49:42 AM;00:00:12.8608506;0.0128634;3
1;341;1;Baseline;19;-2.104943;-2.719759;132.7128;null;0.000;-2.695852;-2.534629;242.2864;0.8539726;null;-3.988001;0.3;5/12/2020 10:49:42 AM;00:00:12.8758854;0.01287466;3
1;341;1;Baseline;19;-2.098941;-2.720977;132.6249;null;0.000;-2.687219;-2.537044;242.5417;0.7963458;null;-3.988001;0.3;5/12/2020 10:49:42 AM;00:00:12.8873997;0.01288955;3
1;341;1;Baseline;19;-2.093076;-2.721483;132.6046;null;0.000;-2.678502;-2.539393;242.6814;0.606483;null;-3.988001;0.3;5/12/2020 10:49:42 AM;00:00:12.9022498;0.01290124;3
1;341;1;Baseline;19;-2.087004;-2.722322;132.8412;null;0.000;-2.670283;-2.542049;242.5661;0.7385634;null;-3.988001;0.3;5/12/2020 10:49:42 AM;00:00:12.9139613;0.01291266;3
1;341;1;Baseline;19;-2.081466;-2.72321;132.692;null;0.000;-2.661945;-2.544268;242.3863;0.7557003;null;-3.988001;0.3;5/12/2020 10:49:42 AM;00:00:12.9256288;0.01292779;3
1;341;1;Baseline;19;-2.076821;-2.724533;132.3464;null;0.000;-2.65395;-2.546534;242.2883;0.5492663;null;-3.988001;0.3;5/12/2020 10:49:42 AM;00:00:12.9383210;0.01293943;3
1;341;1;Baseline;19;-2.072123;-2.726061;131.8118;null;0.000;-2.646432;-2.548606;242.1748;0.6698318;null;-3.988001;0.3;5/12/2020 10:49:42 AM;00:00:12.9536242;0.01295214;3
1;341;1;Baseline;19;-2.06336;-2.728464;131.2995;null;0.000;-2.631574;-2.552103;241.947;1.20129;null;-3.988001;0.3;5/12/2020 10:49:42 AM;00:00:12.9651957;0.01296736;3
1;341;1;Baseline;19;-2.058177;-2.729977;131.3254;null;0.000;-2.624555;-2.553834;241.9025;0.4749157;null;-3.988001;0.3;5/12/2020 10:49:42 AM;00:00:12.9811576;0.01297901;3
1;341;1;Baseline;19;-2.053516;-2.730971;131.1216;null;0.000;-2.617221;-2.555997;241.8887;0.6560917;null;-3.988001;0.3;5/12/2020 10:49:42 AM;00:00:12.9927645;0.01299156;3
1;341;1;Baseline;19;-2.048629;-2.732567;130.8323;null;0.000;-2.610774;-2.557642;241.894;0.5301022;null;-3.988001;0.3;5/12/2020 10:49:42 AM;00:00:13.0045137;0.01300661;3
1;341;1;Baseline;19;-2.043667;-2.73413;130.2222;null;0.000;-2.604517;-2.559106;241.915;0.4272257;null;-3.988001;0.3;5/12/2020 10:49:42 AM;00:00:13.0162478;0.01301832;3
1;341;1;Baseline;19;-2.036108;-2.73745;128.4819;null;0.000;-2.592586;-2.561792;242.1527;1.044092;null;-3.988001;0.3;5/12/2020 10:49:42 AM;00:00:13.0324998;0.01303001;3
1;341;1;Baseline;19;-2.032785;-2.738986;127.7158;null;0.000;-2.586406;-2.563288;242.2624;0.5436615;null;-3.988001;0.3;5/12/2020 10:49:42 AM;00:00:13.0458154;0.01304607;3
1;341;1;Baseline;19;-2.029941;-2.740436;127.2744;null;0.000;-2.580565;-2.564528;242.4482;0.3719205;null;-3.988001;0.3;5/12/2020 10:49:42 AM;00:00:13.0624144;0.01305964;3
1;341;1;Baseline;19;-2.027982;-2.741789;127.0676;null;0.000;-2.574626;-2.565883;242.5765;0.4487601;null;-3.988001;0.3;5/12/2020 10:49:42 AM;00:00:13.0749580;0.01307625;3
1;341;1;Baseline;19;-2.020523;-2.744951;127.5392;null;0.000;-2.563059;-2.567873;242.9152;0.7065864;null;-3.988001;0.3;5/12/2020 10:49:42 AM;00:00:13.0863708;0.01308871;3
1;341;1;Baseline;19;-2.016394;-2.746167;127.8024;null;0.000;-2.557204;-2.568922;243.1301;0.4775666;null;-3.988001;0.3;5/12/2020 10:49:42 AM;00:00:13.0977126;0.01310021;3
1;341;1;Baseline;19;-2.010702;-2.74683;128.5251;null;0.000;-2.551474;-2.569962;243.3271;0.5064225;null;-3.988001;0.3;5/12/2020 10:49:42 AM;00:00:13.1146594;0.01311153;3
1;341;1;Baseline;19;-2.005583;-2.747977;128.7706;null;0.000;-2.545806;-2.570858;243.517;0.5067904;null;-3.988001;0.3;5/12/2020 10:49:42 AM;00:00:13.1285618;0.01312837;3

